FC Layer, 300 (Glorot Init.) Original_Weights[array([[ 0.,  0.,  0., ..., -0.,  0.,  0.],
       [ 0., -0., -0., ..., -0.,  0., -0.],
       [ 0.,  0., -0., ..., -0., -0., -0.],
       ...,
       [ 0.,  0., -0., ...,  0.,  0.,  0.],
       [ 0., -0., -0., ...,  0.,  0., -0.],
       [-0., -0., -0., ..., -0., -0., -0.]], dtype=float32)
 array([0., 0., 0., 0., 0., 0., 0., 0., 0., 0., 0., 0., 0., 0., 0., 0., 0.,
       0., 0., 0., 0., 0., 0., 0., 0., 0., 0., 0., 0., 0., 0., 0., 0., 0.,
       0., 0., 0., 0., 0., 0., 0., 0., 0., 0., 0., 0., 0., 0., 0., 0., 0.,
       0., 0., 0., 0., 0., 0., 0., 0., 0., 0., 0., 0., 0., 0., 0., 0., 0.,
       0., 0., 0., 0., 0., 0., 0., 0., 0., 0., 0., 0., 0., 0., 0., 0., 0.,
       0., 0., 0., 0., 0., 0., 0., 0., 0., 0., 0., 0., 0., 0., 0., 0., 0.,
       0., 0., 0., 0., 0., 0., 0., 0., 0., 0., 0., 0., 0., 0., 0., 0., 0.,
       0., 0., 0., 0., 0., 0., 0., 0., 0., 0., 0., 0., 0., 0., 0., 0., 0.,
       0., 0., 0., 0., 0., 0., 0., 0., 0., 0., 0., 0., 0., 0., 0., 0., 0.,
       0., 0., 0., 0., 0., 0., 0., 0., 0., 0., 0., 0., 0., 0., 0., 0., 0.,
       0., 0., 0., 0., 0., 0., 0., 0., 0., 0., 0., 0., 0., 0., 0., 0., 0.,
       0., 0., 0., 0., 0., 0., 0., 0., 0., 0., 0., 0., 0., 0., 0., 0., 0.,
       0., 0., 0., 0., 0., 0., 0., 0., 0., 0., 0., 0., 0., 0., 0., 0., 0.,
       0., 0., 0., 0., 0., 0., 0., 0., 0., 0., 0., 0., 0., 0., 0., 0., 0.,
       0., 0., 0., 0., 0., 0., 0., 0., 0., 0., 0., 0., 0., 0., 0., 0., 0.,
       0., 0., 0., 0., 0., 0., 0., 0., 0., 0., 0., 0., 0., 0., 0., 0., 0.,
       0., 0., 0., 0., 0., 0., 0., 0., 0., 0., 0., 0., 0., 0., 0., 0., 0.,
       0., 0., 0., 0., 0., 0., 0., 0., 0., 0., 0.], dtype=float32)]FC Layer, 100 (Glorot Init.) Original_Weights[array([[-0.        ,  0.        ,  0.        , ...,  0.        ,
        -0.        , -0.        ],
       [ 0.        , -0.        , -0.        , ..., -0.        ,
        -0.        , -0.11014882],
       [-0.        ,  0.        , -0.        , ...,  0.        ,
        -0.        ,  0.        ],
       ...,
       [ 0.        , -0.        , -0.        , ..., -0.        ,
         0.        , -0.        ],
       [ 0.        ,  0.        , -0.        , ...,  0.        ,
        -0.        ,  0.        ],
       [ 0.        , -0.        ,  0.        , ..., -0.        ,
         0.        , -0.        ]], dtype=float32)
 array([0., 0., 0., 0., 0., 0., 0., 0., 0., 0., 0., 0., 0., 0., 0., 0., 0.,
       0., 0., 0., 0., 0., 0., 0., 0., 0., 0., 0., 0., 0., 0., 0., 0., 0.,
       0., 0., 0., 0., 0., 0., 0., 0., 0., 0., 0., 0., 0., 0., 0., 0., 0.,
       0., 0., 0., 0., 0., 0., 0., 0., 0., 0., 0., 0., 0., 0., 0., 0., 0.,
       0., 0., 0., 0., 0., 0., 0., 0., 0., 0., 0., 0., 0., 0., 0., 0., 0.,
       0., 0., 0., 0., 0., 0., 0., 0., 0., 0., 0., 0., 0., 0., 0.],
      dtype=float32)]FC Layer, 10 (Softmax) Original_Weights[array([[ 0.        , -0.        ,  0.        , -0.        , -0.        ,
        -0.        ,  0.        ,  0.        ,  0.        ,  0.        ],
       [-0.        , -0.        , -0.1470607 , -0.        , -0.        ,
         0.        , -0.        ,  0.        ,  0.        , -0.        ],
       [-0.        , -0.        ,  0.        , -0.        ,  0.07720113,
         0.        ,  0.        ,  0.13772374, -0.14149791,  0.        ],
       [-0.        ,  0.        ,  0.19131869, -0.        , -0.        ,
         0.        , -0.        , -0.        , -0.        ,  0.        ],
       [-0.        ,  0.        ,  0.        , -0.        ,  0.        ,
         0.        ,  0.        , -0.        ,  0.        ,  0.16952029],
       [-0.        , -0.        ,  0.        ,  0.        ,  0.        ,
         0.21015882, -0.22654577, -0.        , -0.        , -0.        ],
       [-0.        , -0.        ,  0.        , -0.12436894, -0.        ,
        -0.        , -0.        , -0.18890695, -0.        ,  0.        ],
       [-0.        ,  0.        , -0.        ,  0.        ,  0.        ,
        -0.        ,  0.        , -0.23002592, -0.        ,  0.        ],
       [-0.        , -0.        , -0.19453256, -0.        ,  0.        ,
        -0.        ,  0.        ,  0.        ,  0.20960283, -0.        ],
       [ 0.        ,  0.2063874 , -0.        , -0.        , -0.        ,
         0.        ,  0.19987491,  0.        , -0.        ,  0.        ],
       [ 0.        ,  0.        ,  0.        , -0.        ,  0.        ,
        -0.19954656, -0.21786997, -0.        , -0.        ,  0.        ],
       [ 0.        , -0.05265892,  0.        , -0.        , -0.        ,
        -0.        , -0.        , -0.        ,  0.        ,  0.        ],
       [-0.11816651,  0.        , -0.        ,  0.        ,  0.        ,
         0.15306431, -0.        , -0.        , -0.1746545 ,  0.        ],
       [ 0.        , -0.        ,  0.        ,  0.20059612, -0.        ,
         0.        , -0.        ,  0.        , -0.22002856, -0.        ],
       [-0.        , -0.        ,  0.        ,  0.        ,  0.12231928,
         0.        ,  0.        ,  0.        , -0.        , -0.        ],
       [ 0.        ,  0.        , -0.        ,  0.        ,  0.        ,
        -0.17433928, -0.        , -0.        , -0.        , -0.        ],
       [ 0.        , -0.        , -0.        , -0.21838704,  0.        ,
        -0.        , -0.        , -0.        , -0.        , -0.        ],
       [-0.        ,  0.        ,  0.        ,  0.13634038, -0.19794412,
        -0.21588667,  0.        , -0.        , -0.        ,  0.03326705],
       [-0.        ,  0.        , -0.        ,  0.        , -0.        ,
        -0.        ,  0.        ,  0.09483802, -0.22469042, -0.        ],
       [ 0.        , -0.        , -0.        ,  0.        , -0.        ,
        -0.        , -0.        ,  0.        ,  0.        , -0.        ],
       [-0.22374615,  0.        , -0.20565087,  0.        ,  0.        ,
        -0.        ,  0.        , -0.        , -0.        ,  0.        ],
       [ 0.        ,  0.        , -0.19853313,  0.        ,  0.        ,
        -0.        ,  0.19935146, -0.        , -0.        , -0.        ],
       [-0.        ,  0.        ,  0.10472241,  0.        ,  0.        ,
         0.        , -0.        , -0.        , -0.        ,  0.        ],
       [ 0.        , -0.15511765, -0.        , -0.        ,  0.12531239,
        -0.        , -0.        ,  0.        ,  0.        ,  0.11545783],
       [ 0.        ,  0.        ,  0.        ,  0.        ,  0.        ,
        -0.        ,  0.        ,  0.19361702, -0.        , -0.18042243],
       [-0.23010209,  0.        ,  0.        , -0.        ,  0.        ,
        -0.        , -0.13658053, -0.        , -0.15933305,  0.18858862],
       [ 0.        , -0.        , -0.        , -0.        ,  0.1221182 ,
         0.        , -0.        , -0.22451513,  0.        ,  0.        ],
       [ 0.        , -0.17525353,  0.        ,  0.        , -0.        ,
         0.        , -0.        ,  0.        ,  0.2184228 , -0.        ],
       [ 0.        , -0.        , -0.        , -0.16545099,  0.17502496,
         0.        , -0.        ,  0.        ,  0.        , -0.        ],
       [-0.        , -0.        ,  0.        ,  0.        , -0.        ,
         0.        ,  0.        ,  0.        ,  0.        ,  0.        ],
       [-0.        , -0.        ,  0.        , -0.        , -0.        ,
         0.        ,  0.        ,  0.15135545, -0.21082123, -0.        ],
       [ 0.        , -0.        ,  0.        , -0.1600616 ,  0.20046186,
         0.        , -0.        ,  0.        ,  0.        ,  0.17082387],
       [ 0.        , -0.19410092, -0.21362874,  0.1432249 , -0.        ,
        -0.        , -0.        ,  0.        , -0.        , -0.        ],
       [ 0.        , -0.20127377, -0.        ,  0.        , -0.        ,
        -0.16049112,  0.        , -0.        ,  0.18958962,  0.        ],
       [ 0.21960804, -0.        , -0.        ,  0.        , -0.        ,
         0.        , -0.        ,  0.        ,  0.        , -0.        ],
       [ 0.03401265, -0.        , -0.        , -0.        ,  0.        ,
        -0.22906223,  0.17281735,  0.        , -0.        , -0.        ],
       [ 0.        , -0.        , -0.        , -0.22253978, -0.        ,
        -0.        , -0.        ,  0.        ,  0.        , -0.        ],
       [ 0.10220304, -0.        , -0.        ,  0.        , -0.        ,
         0.        ,  0.17778069,  0.        , -0.        , -0.        ],
       [-0.        ,  0.16727355,  0.        ,  0.        , -0.        ,
         0.        ,  0.        , -0.        , -0.        , -0.        ],
       [-0.        ,  0.22038743, -0.0968965 , -0.        ,  0.        ,
         0.        , -0.        , -0.        ,  0.        ,  0.        ],
       [ 0.        ,  0.        , -0.        ,  0.        ,  0.        ,
        -0.1533078 , -0.21056318, -0.        , -0.        ,  0.        ],
       [-0.        , -0.        ,  0.        , -0.        ,  0.14079648,
         0.        ,  0.        ,  0.        ,  0.        , -0.        ],
       [-0.        , -0.        ,  0.22105998,  0.        , -0.        ,
         0.        ,  0.        ,  0.        ,  0.        , -0.        ],
       [-0.        , -0.        ,  0.        , -0.        ,  0.        ,
         0.        ,  0.        , -0.        , -0.        ,  0.20139411],
       [ 0.19057143, -0.        ,  0.        , -0.        , -0.18621114,
        -0.        , -0.        , -0.        ,  0.        ,  0.        ],
       [-0.        ,  0.        ,  0.        , -0.        ,  0.        ,
        -0.21313238,  0.        , -0.        , -0.        ,  0.        ],
       [ 0.        ,  0.        , -0.12580651, -0.08476755,  0.        ,
         0.        , -0.        , -0.        , -0.        ,  0.03863129],
       [ 0.        ,  0.        , -0.        , -0.23032628, -0.        ,
         0.        , -0.        , -0.        , -0.20029415, -0.        ],
       [-0.        ,  0.        ,  0.        ,  0.        ,  0.        ,
         0.        ,  0.        , -0.        ,  0.2146995 , -0.17580518],
       [-0.        , -0.        ,  0.        , -0.        , -0.        ,
         0.        ,  0.        ,  0.        , -0.        ,  0.        ],
       [ 0.        ,  0.        , -0.        , -0.        ,  0.        ,
         0.        , -0.        ,  0.        ,  0.        , -0.        ],
       [-0.        , -0.        ,  0.2027061 ,  0.        , -0.19459683,
         0.        ,  0.        ,  0.        ,  0.20465603, -0.        ],
       [-0.        , -0.        , -0.21321529, -0.        ,  0.        ,
         0.        ,  0.        ,  0.        ,  0.        , -0.        ],
       [-0.        , -0.        ,  0.19307941,  0.        ,  0.        ,
        -0.20832686,  0.        , -0.        ,  0.        , -0.        ],
       [-0.        , -0.        , -0.        ,  0.        , -0.11937288,
        -0.        ,  0.        ,  0.        ,  0.        ,  0.        ],
       [ 0.        , -0.        ,  0.        , -0.        , -0.        ,
         0.15766943,  0.19891489,  0.        ,  0.        ,  0.        ],
       [-0.        ,  0.13684586,  0.        , -0.        ,  0.        ,
         0.        ,  0.        ,  0.        , -0.        , -0.        ],
       [-0.        ,  0.        , -0.        , -0.        ,  0.        ,
        -0.        ,  0.        ,  0.        , -0.        ,  0.        ],
       [ 0.        , -0.        , -0.        ,  0.        ,  0.        ,
        -0.        , -0.        , -0.20777866,  0.        , -0.        ],
       [ 0.        , -0.        ,  0.        ,  0.        , -0.        ,
         0.        , -0.        , -0.        ,  0.        , -0.        ],
       [-0.        ,  0.        , -0.        , -0.        , -0.        ,
         0.2001374 ,  0.10751292,  0.        ,  0.        , -0.        ],
       [-0.        ,  0.        , -0.00119512, -0.        ,  0.09960538,
         0.        ,  0.        , -0.        ,  0.        ,  0.        ],
       [ 0.        ,  0.        ,  0.17551586, -0.        , -0.        ,
        -0.        , -0.        , -0.        , -0.        , -0.15033635],
       [ 0.1967302 ,  0.        ,  0.        , -0.        , -0.        ,
        -0.        , -0.        ,  0.        ,  0.        , -0.        ],
       [ 0.        , -0.        ,  0.14720058,  0.        ,  0.        ,
         0.        , -0.        ,  0.        , -0.        , -0.        ],
       [ 0.        , -0.        ,  0.        , -0.        ,  0.        ,
        -0.        ,  0.21847609,  0.        , -0.        ,  0.        ],
       [ 0.        ,  0.        , -0.        ,  0.        ,  0.        ,
        -0.        , -0.        , -0.        , -0.        ,  0.        ],
       [-0.        , -0.        ,  0.        ,  0.        , -0.        ,
         0.        , -0.        , -0.        , -0.        ,  0.        ],
       [ 0.        , -0.        ,  0.        ,  0.        , -0.13450986,
         0.        , -0.        ,  0.        ,  0.        ,  0.10159484],
       [-0.        ,  0.        ,  0.        , -0.        , -0.        ,
         0.        , -0.        ,  0.21336097,  0.        , -0.1724787 ],
       [ 0.        , -0.        , -0.        , -0.        , -0.        ,
         0.        ,  0.20066378, -0.18932714, -0.        ,  0.        ],
       [-0.        , -0.        , -0.        ,  0.        ,  0.        ,
         0.21940297, -0.        , -0.09876236, -0.        , -0.        ],
       [ 0.16650173, -0.        ,  0.        , -0.        , -0.        ,
         0.        , -0.        ,  0.        ,  0.        , -0.        ],
       [ 0.        ,  0.        , -0.        ,  0.21750936,  0.        ,
        -0.12468288, -0.21914677, -0.        , -0.        , -0.        ],
       [-0.        ,  0.        , -0.        ,  0.        , -0.        ,
        -0.        ,  0.        , -0.        , -0.        ,  0.        ],
       [ 0.20908731,  0.        ,  0.        , -0.        ,  0.        ,
         0.        ,  0.22265655,  0.        , -0.        ,  0.        ],
       [ 0.        ,  0.        , -0.        , -0.192824  ,  0.        ,
        -0.11607748, -0.        , -0.        ,  0.14039722,  0.        ],
       [ 0.21598482, -0.        ,  0.21180487, -0.        , -0.        ,
         0.        , -0.        ,  0.        , -0.0932309 , -0.        ],
       [ 0.        , -0.19839488,  0.        ,  0.        , -0.2179722 ,
         0.        , -0.        ,  0.        ,  0.1616154 ,  0.        ],
       [-0.        ,  0.2162318 , -0.        ,  0.        ,  0.23082337,
        -0.20188516, -0.        , -0.        , -0.        ,  0.        ],
       [-0.        ,  0.        ,  0.        , -0.        ,  0.        ,
        -0.21754095,  0.        ,  0.2165738 , -0.        , -0.        ],
       [-0.        ,  0.        , -0.        , -0.        , -0.        ,
        -0.        ,  0.        , -0.        ,  0.        ,  0.        ],
       [-0.21713763,  0.        , -0.        ,  0.21684664,  0.        ,
         0.        ,  0.        , -0.        , -0.        ,  0.        ],
       [-0.        , -0.        ,  0.        , -0.        , -0.        ,
         0.22537369,  0.        ,  0.        ,  0.        ,  0.        ],
       [ 0.        , -0.        , -0.        ,  0.18971613, -0.        ,
         0.        ,  0.19595897,  0.        , -0.        , -0.        ],
       [ 0.        ,  0.        ,  0.        , -0.        , -0.        ,
         0.        , -0.        , -0.        , -0.        , -0.        ],
       [-0.        ,  0.        ,  0.        ,  0.19745529,  0.        ,
        -0.17439356,  0.        ,  0.        ,  0.        , -0.        ],
       [ 0.        ,  0.        , -0.        , -0.15308735, -0.        ,
        -0.        , -0.        , -0.        ,  0.18726069,  0.        ],
       [ 0.        , -0.22467215, -0.        ,  0.14038336,  0.        ,
        -0.        , -0.        , -0.        , -0.        ,  0.        ],
       [ 0.        , -0.        , -0.21921103, -0.        ,  0.        ,
        -0.        , -0.        , -0.        , -0.        ,  0.19654092],
       [ 0.        , -0.        , -0.        ,  0.        ,  0.        ,
        -0.        , -0.        , -0.19020948, -0.        , -0.        ],
       [-0.        , -0.        ,  0.        , -0.        , -0.        ,
         0.        ,  0.        , -0.        ,  0.        , -0.18964191],
       [-0.        , -0.13109049,  0.        ,  0.        , -0.22328404,
         0.        ,  0.        , -0.        , -0.        ,  0.10411981],
       [ 0.        , -0.        ,  0.17954215,  0.        ,  0.        ,
        -0.        , -0.        ,  0.        ,  0.        , -0.        ],
       [ 0.        ,  0.        , -0.        ,  0.        , -0.13329208,
        -0.        , -0.21200827, -0.        , -0.        ,  0.14169696],
       [ 0.17034355,  0.        ,  0.        , -0.        , -0.        ,
        -0.        ,  0.        , -0.        , -0.        ,  0.21997768],
       [-0.21843843,  0.        , -0.20835616,  0.        ,  0.        ,
        -0.        , -0.14078873, -0.        , -0.        ,  0.        ],
       [-0.        ,  0.21528974,  0.        ,  0.        ,  0.        ,
         0.        ,  0.        ,  0.        , -0.        , -0.        ],
       [ 0.        , -0.        ,  0.2217755 ,  0.        , -0.        ,
        -0.        , -0.        ,  0.        ,  0.        , -0.        ],
       [-0.        , -0.        , -0.        ,  0.13764101, -0.        ,
         0.        ,  0.        , -0.03451551, -0.        , -0.        ]],
      dtype=float32)
 array([0., 0., 0., 0., 0., 0., 0., 0., 0., 0.], dtype=float32)]