FC Layer, 300 (Glorot Init.) Original_Weights[array([[ 0.,  0.,  0., ..., -0.,  0.,  0.],
       [ 0., -0., -0., ..., -0.,  0., -0.],
       [ 0.,  0., -0., ..., -0., -0., -0.],
       ...,
       [ 0.,  0., -0., ...,  0.,  0.,  0.],
       [ 0., -0., -0., ...,  0.,  0., -0.],
       [-0., -0., -0., ..., -0., -0., -0.]], dtype=float32)
 array([-8.76941085e-02,  2.93918829e-02,  1.75744951e-01,  2.78483748e-01,
        0.00000000e+00, -2.64205545e-01,  3.69813107e-02, -3.39494348e-02,
        0.00000000e+00,  1.56129003e-01, -9.62404348e-03, -2.66727328e-01,
        4.49312516e-02, -1.19471602e-01, -1.12066649e-01,  4.41294312e-02,
        4.18003760e-02,  0.00000000e+00, -2.11797506e-02,  9.18465257e-02,
       -3.61318178e-02, -1.58503190e-01,  0.00000000e+00, -6.89079389e-02,
        8.33370835e-02,  1.35743886e-01, -1.40314609e-01, -2.88690239e-01,
        0.00000000e+00,  5.94660714e-02, -1.01577546e-02,  5.87613368e-03,
        9.21568088e-03,  1.78940147e-02, -7.81406183e-03, -4.93903784e-03,
        0.00000000e+00,  1.49105918e-02,  3.16463381e-01, -2.69064784e-01,
        1.83344588e-01,  0.00000000e+00, -3.47319022e-02, -1.81646109e-01,
        0.00000000e+00,  3.51148278e-01,  0.00000000e+00,  1.45942822e-01,
       -2.80529708e-02,  1.09071083e-01, -1.08506761e-01, -1.76080197e-01,
       -6.43723384e-02, -8.37465972e-02,  1.97252575e-02,  0.00000000e+00,
        7.24404007e-02, -3.41530293e-01,  6.75528795e-02,  1.42235547e-01,
       -4.66796868e-02, -4.30144966e-02,  0.00000000e+00,  1.74511179e-01,
       -3.71739976e-02,  1.32195652e-01,  0.00000000e+00, -4.00437683e-01,
        1.37602568e-01,  2.71360204e-02, -4.23241872e-03,  1.70015305e-01,
        0.00000000e+00,  7.35660195e-02,  0.00000000e+00, -4.55753803e-02,
        0.00000000e+00,  5.73505871e-02,  0.00000000e+00, -2.88548749e-02,
       -1.01230904e-01,  7.27209449e-02,  2.36759394e-01,  1.32972404e-01,
        2.13746771e-01,  2.07162619e-01,  9.28132907e-02, -2.94012520e-02,
        0.00000000e+00, -1.89868808e-01,  1.78837299e-01,  3.71324234e-02,
       -2.62299061e-01,  1.26219049e-01,  2.39621699e-01, -8.59949440e-02,
       -1.26036704e-01, -8.01715851e-02,  6.16676062e-02,  1.40101537e-01,
       -1.04829855e-01, -1.82793997e-02, -1.73423886e-01, -3.57269086e-02,
        1.28188124e-02, -8.40157866e-02, -1.48545250e-01, -1.74932797e-02,
        1.81444287e-01, -2.89645106e-01, -1.59172073e-01, -2.06752550e-02,
        4.67177108e-03,  3.67937945e-02,  0.00000000e+00, -6.54307753e-02,
        4.49230103e-03, -5.30464984e-02, -2.15214565e-02, -9.41136703e-02,
        0.00000000e+00, -3.55552852e-01, -7.08261803e-02,  9.15285125e-02,
        0.00000000e+00,  2.40380749e-01,  3.77100259e-02,  2.81499308e-02,
       -2.05677167e-01, -1.75459385e-01, -1.08670235e-01,  1.71883889e-02,
        4.25544605e-02,  0.00000000e+00,  1.51076866e-02,  2.24886388e-01,
        1.05533265e-01,  2.87778854e-01,  1.53199881e-01, -9.16786790e-02,
       -5.20088263e-02,  6.08714707e-02,  1.43223424e-02,  0.00000000e+00,
       -1.18756175e-01,  9.16314274e-02,  1.79671533e-02, -1.23231761e-01,
       -9.49243531e-02,  0.00000000e+00,  0.00000000e+00,  2.62391359e-01,
        8.87330845e-02,  7.64358118e-02,  0.00000000e+00, -7.09960610e-02,
       -4.02160138e-02,  1.24554476e-02, -3.43202055e-01, -1.84528381e-01,
        0.00000000e+00, -1.50412247e-02,  5.53994067e-02,  5.82773499e-02,
        0.00000000e+00, -5.81417978e-02, -8.35811719e-03,  0.00000000e+00,
       -6.83929995e-02,  8.50469247e-03, -9.00716614e-03, -1.21113202e-02,
       -1.82895333e-01,  0.00000000e+00,  6.29471540e-02, -3.31851870e-01,
        1.03303865e-01,  3.91303860e-02,  9.25325677e-02, -1.18361756e-01,
        2.50836998e-01, -8.75453930e-03, -3.20350938e-02,  1.48610145e-01,
       -1.56911358e-01,  4.47626691e-03, -7.21183345e-02, -2.24373087e-01,
        1.85218360e-02, -1.18350878e-01,  0.00000000e+00,  1.07611500e-01,
        2.12481707e-01, -1.99133143e-01,  0.00000000e+00,  2.71447375e-02,
        1.95147797e-01,  1.53011903e-01,  3.49858522e-01, -2.85693519e-02,
        5.50847175e-03, -1.26941919e-01,  0.00000000e+00,  2.33311743e-01,
       -1.34017259e-01,  9.91915315e-02,  4.54867519e-02, -5.41749634e-02,
        6.19496107e-02,  1.69605706e-02, -5.54462709e-02,  1.62946984e-01,
        2.00320840e-01, -2.30262846e-01, -9.42386389e-02,  0.00000000e+00,
        1.58146963e-01,  8.12276453e-02,  1.10426575e-01,  1.00997342e-02,
        3.21049094e-02,  7.81288967e-02,  1.81507781e-01,  7.22677782e-02,
       -1.00492507e-01,  1.23746164e-01,  0.00000000e+00, -8.56592879e-03,
       -4.93469685e-02,  1.10274605e-01, -2.15374352e-03, -3.42646129e-02,
        0.00000000e+00,  7.50127062e-02,  0.00000000e+00, -1.10379323e-01,
       -1.05100274e-01, -4.37957570e-02,  4.06864419e-05,  4.43976969e-02,
       -8.98882449e-02,  1.44764170e-01,  2.69783616e-01, -1.72317207e-01,
        4.87632900e-02,  1.67909667e-01,  1.08687170e-01, -2.79096842e-01,
       -7.71729797e-02,  8.51613805e-02,  4.98842001e-02,  0.00000000e+00,
       -5.45917638e-02,  6.70296082e-04,  1.53269380e-01,  0.00000000e+00,
        7.56611815e-03,  3.55524682e-02, -1.35486379e-01, -5.33644892e-02,
        9.87097174e-02, -3.25151622e-01,  1.38027564e-01, -2.38706276e-01,
        1.07793875e-01,  0.00000000e+00,  1.63398936e-01, -4.56829891e-02,
       -1.83097422e-01,  0.00000000e+00, -1.61850944e-01, -8.86733010e-02,
        0.00000000e+00, -7.36377388e-02,  0.00000000e+00,  9.14916396e-02,
        1.23611994e-01, -2.09412724e-02, -3.11838742e-02, -2.66047679e-02,
        1.29317760e-01, -5.02689183e-02, -1.52212903e-02,  0.00000000e+00,
        1.49118612e-02, -4.08682320e-03,  3.49190123e-02,  2.12435275e-01,
        0.00000000e+00,  3.50177824e-01, -8.30102339e-02,  1.14296883e-01,
        1.18571464e-02,  1.00765936e-03,  0.00000000e+00,  7.33831078e-02,
        0.00000000e+00, -1.90542951e-01, -4.25204307e-01, -4.39561829e-02],
      dtype=float32)]FC Layer, 100 (Glorot Init.) Original_Weights[array([[-0.       ,  0.       ,  0.       , ...,  0.       , -0.       ,
        -0.       ],
       [ 0.       , -0.       , -0.       , ..., -0.       , -0.       ,
        -0.8099433],
       [-0.       ,  0.       , -0.       , ...,  0.       , -0.       ,
         0.       ],
       ...,
       [ 0.       , -0.       , -0.       , ..., -0.       ,  0.       ,
        -0.       ],
       [ 0.       ,  0.       , -0.       , ...,  0.       , -0.       ,
         0.       ],
       [ 0.       , -0.       ,  0.       , ..., -0.       ,  0.       ,
        -0.       ]], dtype=float32)
 array([ 0.        , -0.03352746,  0.13491707,  0.02602631, -0.18990892,
        0.08701494, -0.10408277, -0.03035563, -0.37849692,  0.01429461,
       -0.14766276, -0.27334684,  0.29130155,  0.219673  , -0.02016161,
       -0.12677711, -0.10808847, -0.05344585,  0.17659953,  0.        ,
        0.02593741, -0.01582067,  0.17074682, -0.25885734,  0.26001027,
        0.2874813 , -0.17614315, -0.36375335,  0.02869687,  0.        ,
        0.25891834,  0.00099555, -0.07714331, -0.25476068,  0.11343192,
       -0.07292292,  0.19410557, -0.12032404,  0.05764784,  0.02983003,
       -0.07235615, -0.0773001 ,  0.07896454,  0.0698218 , -0.04969846,
       -0.02222279, -0.25989446,  0.30765808, -0.07158134,  0.        ,
        0.        , -0.00433119, -0.06810935, -0.10102226,  0.02625265,
        0.2741751 ,  0.2437666 ,  0.        ,  0.00868551,  0.        ,
        0.322219  , -0.07947192,  0.03169764,  0.06000486,  0.01909791,
       -0.114323  ,  0.        ,  0.        , -0.08497558,  0.19407925,
       -0.03762672,  0.00440583, -0.1124529 , -0.29639667,  0.        ,
       -0.09531589,  0.00090841,  0.09823476, -0.14075723,  0.06696057,
       -0.17077962,  0.        ,  0.02811708,  0.00804784, -0.09711987,
        0.        , -0.09032263, -0.01626814, -0.30174312, -0.09157308,
       -0.09134648,  0.07566142, -0.17516997,  0.08746718, -0.12508962,
       -0.15866251,  0.26684913, -0.03031562, -0.00392197, -0.06756219],
      dtype=float32)]FC Layer, 10 (Softmax) Original_Weights[array([[ 0.        , -0.        ,  0.        , -0.        , -0.        ,
        -0.        ,  0.        ,  0.        ,  0.        ,  0.        ],
       [-0.        , -0.        , -0.7083337 , -0.        , -0.        ,
         0.        , -0.        ,  0.        ,  0.        , -0.        ],
       [-0.        , -0.        ,  0.        , -0.        ,  1.1658816 ,
         0.        ,  0.        ,  1.1423407 , -1.3372529 ,  0.        ],
       [-0.        ,  0.        ,  1.187176  , -0.        , -0.        ,
         0.        , -0.        , -0.        , -0.        ,  0.        ],
       [-0.        ,  0.        ,  0.        , -0.        ,  0.        ,
         0.        ,  0.        , -0.        ,  0.        ,  1.3220772 ],
       [-0.        , -0.        ,  0.        ,  0.        ,  0.        ,
         1.2191868 , -1.4844263 , -0.        , -0.        , -0.        ],
       [-0.        , -0.        ,  0.        , -1.3107086 , -0.        ,
        -0.        , -0.        , -1.1832901 , -0.        ,  0.        ],
       [-0.        ,  0.        , -0.        ,  0.        ,  0.        ,
        -0.        ,  0.        , -1.5428756 , -0.        ,  0.        ],
       [-0.        , -0.        , -0.8268358 , -0.        ,  0.        ,
        -0.        ,  0.        ,  0.        ,  1.1418043 , -0.        ],
       [ 0.        ,  1.2386357 , -0.        , -0.        , -0.        ,
         0.        ,  1.4654405 ,  0.        , -0.        ,  0.        ],
       [ 0.        ,  0.        ,  0.        , -0.        ,  0.        ,
        -0.8737745 , -1.6976645 , -0.        , -0.        ,  0.        ],
       [ 0.        , -1.33302   ,  0.        , -0.        , -0.        ,
        -0.        , -0.        , -0.        ,  0.        ,  0.        ],
       [-1.2667432 ,  0.        , -0.        ,  0.        ,  0.        ,
         1.0750434 , -0.        , -0.        , -1.3296211 ,  0.        ],
       [ 0.        , -0.        ,  0.        ,  1.6895661 , -0.        ,
         0.        , -0.        ,  0.        , -1.2496225 , -0.        ],
       [-0.        , -0.        ,  0.        ,  0.        ,  1.4036274 ,
         0.        ,  0.        ,  0.        , -0.        , -0.        ],
       [ 0.        ,  0.        , -0.        ,  0.        ,  0.        ,
        -1.3604922 , -0.        , -0.        , -0.        , -0.        ],
       [ 0.        , -0.        , -0.        , -1.2362103 ,  0.        ,
        -0.        , -0.        , -0.        , -0.        , -0.        ],
       [-0.        ,  0.        ,  0.        ,  1.0005261 , -0.90389794,
        -1.3103436 ,  0.        , -0.        , -0.        ,  0.96801656],
       [-0.        ,  0.        , -0.        ,  0.        , -0.        ,
        -0.        ,  0.        ,  1.0050975 , -1.4205797 , -0.        ],
       [ 0.        , -0.        , -0.        ,  0.        , -0.        ,
        -0.        , -0.        ,  0.        ,  0.        , -0.        ],
       [-1.0480142 ,  0.        , -1.0864077 ,  0.        ,  0.        ,
        -0.        ,  0.        , -0.        , -0.        ,  0.        ],
       [ 0.        ,  0.        , -1.2525035 ,  0.        ,  0.        ,
        -0.        ,  1.46238   , -0.        , -0.        , -0.        ],
       [-0.        ,  0.        ,  1.0021998 ,  0.        ,  0.        ,
         0.        , -0.        , -0.        , -0.        ,  0.        ],
       [ 0.        , -1.4893436 , -0.        , -0.        ,  1.078454  ,
        -0.        , -0.        ,  0.        ,  0.        ,  0.93475115],
       [ 0.        ,  0.        ,  0.        ,  0.        ,  0.        ,
        -0.        ,  0.        ,  1.5361533 , -0.        , -0.91961056],
       [-1.4007574 ,  0.        ,  0.        , -0.        ,  0.        ,
        -0.        , -1.2293568 , -0.        , -0.94029236,  1.1864004 ],
       [ 0.        , -0.        , -0.        , -0.        ,  1.2705834 ,
         0.        , -0.        , -1.2942606 ,  0.        ,  0.        ],
       [ 0.        , -1.206614  ,  0.        ,  0.        , -0.        ,
         0.        , -0.        ,  0.        ,  1.1056995 , -0.        ],
       [ 0.        , -0.        , -0.        , -1.1633164 ,  1.1618162 ,
         0.        , -0.        ,  0.        ,  0.        , -0.        ],
       [-0.        , -0.        ,  0.        ,  0.        , -0.        ,
         0.        ,  0.        ,  0.        ,  0.        ,  0.        ],
       [-0.        , -0.        ,  0.        , -0.        , -0.        ,
         0.        ,  0.        ,  1.325049  , -1.3599813 , -0.        ],
       [ 0.        , -0.        ,  0.        , -1.4081869 ,  1.4125812 ,
         0.        , -0.        ,  0.        ,  0.        ,  1.24707   ],
       [ 0.        , -1.3035724 , -1.5725015 ,  1.0387005 , -0.        ,
        -0.        , -0.        ,  0.        , -0.        , -0.        ],
       [ 0.        , -0.9485325 , -0.        ,  0.        , -0.        ,
        -1.6482334 ,  0.        , -0.        ,  0.7991397 ,  0.        ],
       [ 1.5072993 , -0.        , -0.        ,  0.        , -0.        ,
         0.        , -0.        ,  0.        ,  0.        , -0.        ],
       [ 1.7464579 , -0.        , -0.        , -0.        ,  0.        ,
        -0.896589  ,  1.1566036 ,  0.        , -0.        , -0.        ],
       [ 0.        , -0.        , -0.        , -1.3250402 , -0.        ,
        -0.        , -0.        ,  0.        ,  0.        , -0.        ],
       [ 1.031935  , -0.        , -0.        ,  0.        , -0.        ,
         0.        ,  1.3042104 ,  0.        , -0.        , -0.        ],
       [-0.        ,  1.4267089 ,  0.        ,  0.        , -0.        ,
         0.        ,  0.        , -0.        , -0.        , -0.        ],
       [-0.        ,  1.558605  , -1.1570734 , -0.        ,  0.        ,
         0.        , -0.        , -0.        ,  0.        ,  0.        ],
       [ 0.        ,  0.        , -0.        ,  0.        ,  0.        ,
        -1.3247721 , -1.5216261 , -0.        , -0.        ,  0.        ],
       [-0.        , -0.        ,  0.        , -0.        ,  1.1632446 ,
         0.        ,  0.        ,  0.        ,  0.        , -0.        ],
       [-0.        , -0.        ,  1.3974347 ,  0.        , -0.        ,
         0.        ,  0.        ,  0.        ,  0.        , -0.        ],
       [-0.        , -0.        ,  0.        , -0.        ,  0.        ,
         0.        ,  0.        , -0.        , -0.        ,  1.3929429 ],
       [ 0.86314964, -0.        ,  0.        , -0.        , -1.6664028 ,
        -0.        , -0.        , -0.        ,  0.        ,  0.        ],
       [-0.        ,  0.        ,  0.        , -0.        ,  0.        ,
        -1.5163525 ,  0.        , -0.        , -0.        ,  0.        ],
       [ 0.        ,  0.        , -1.3528795 , -1.1944058 ,  0.        ,
         0.        , -0.        , -0.        , -0.        ,  1.0812895 ],
       [ 0.        ,  0.        , -0.        , -1.1824019 , -0.        ,
         0.        , -0.        , -0.        , -1.4909279 , -0.        ],
       [-0.        ,  0.        ,  0.        ,  0.        ,  0.        ,
         0.        ,  0.        , -0.        ,  1.2667489 , -1.5602444 ],
       [-0.        , -0.        ,  0.        , -0.        , -0.        ,
         0.        ,  0.        ,  0.        , -0.        ,  0.        ],
       [ 0.        ,  0.        , -0.        , -0.        ,  0.        ,
         0.        , -0.        ,  0.        ,  0.        , -0.        ],
       [-0.        , -0.        ,  1.3702976 ,  0.        , -1.0936553 ,
         0.        ,  0.        ,  0.        ,  1.1129103 , -0.        ],
       [-0.        , -0.        , -1.1050541 , -0.        ,  0.        ,
         0.        ,  0.        ,  0.        ,  0.        , -0.        ],
       [-0.        , -0.        ,  1.4350203 ,  0.        ,  0.        ,
        -1.1381457 ,  0.        , -0.        ,  0.        , -0.        ],
       [-0.        , -0.        , -0.        ,  0.        , -1.5778924 ,
        -0.        ,  0.        ,  0.        ,  0.        ,  0.        ],
       [ 0.        , -0.        ,  0.        , -0.        , -0.        ,
         1.29815   ,  1.0142695 ,  0.        ,  0.        ,  0.        ],
       [-0.        ,  1.7884034 ,  0.        , -0.        ,  0.        ,
         0.        ,  0.        ,  0.        , -0.        , -0.        ],
       [-0.        ,  0.        , -0.        , -0.        ,  0.        ,
        -0.        ,  0.        ,  0.        , -0.        ,  0.        ],
       [ 0.        , -0.        , -0.        ,  0.        ,  0.        ,
        -0.        , -0.        , -1.4872966 ,  0.        , -0.        ],
       [ 0.        , -0.        ,  0.        ,  0.        , -0.        ,
         0.        , -0.        , -0.        ,  0.        , -0.        ],
       [-0.        ,  0.        , -0.        , -0.        , -0.        ,
         1.2606103 ,  0.9570119 ,  0.        ,  0.        , -0.        ],
       [-0.        ,  0.        , -1.0534439 , -0.        ,  1.3202411 ,
         0.        ,  0.        , -0.        ,  0.        ,  0.        ],
       [ 0.        ,  0.        ,  1.0299956 , -0.        , -0.        ,
        -0.        , -0.        , -0.        , -0.        , -1.0651796 ],
       [ 1.1851518 ,  0.        ,  0.        , -0.        , -0.        ,
        -0.        , -0.        ,  0.        ,  0.        , -0.        ],
       [ 0.        , -0.        ,  1.5285025 ,  0.        ,  0.        ,
         0.        , -0.        ,  0.        , -0.        , -0.        ],
       [ 0.        , -0.        ,  0.        , -0.        ,  0.        ,
        -0.        ,  1.4551814 ,  0.        , -0.        ,  0.        ],
       [ 0.        ,  0.        , -0.        ,  0.        ,  0.        ,
        -0.        , -0.        , -0.        , -0.        ,  0.        ],
       [-0.        , -0.        ,  0.        ,  0.        , -0.        ,
         0.        , -0.        , -0.        , -0.        ,  0.        ],
       [ 0.        , -0.        ,  0.        ,  0.        , -1.076897  ,
         0.        , -0.        ,  0.        ,  0.        ,  1.378182  ],
       [-0.        ,  0.        ,  0.        , -0.        , -0.        ,
         0.        , -0.        ,  1.3943616 ,  0.        , -1.1610765 ],
       [ 0.        , -0.        , -0.        , -0.        , -0.        ,
         0.        ,  1.9427395 , -1.0669729 , -0.        ,  0.        ],
       [-0.        , -0.        , -0.        ,  0.        ,  0.        ,
         1.4220558 , -0.        , -1.4378027 , -0.        , -0.        ],
       [ 1.1801064 , -0.        ,  0.        , -0.        , -0.        ,
         0.        , -0.        ,  0.        ,  0.        , -0.        ],
       [ 0.        ,  0.        , -0.        ,  0.85742843,  0.        ,
        -1.1659563 , -1.3046792 , -0.        , -0.        , -0.        ],
       [-0.        ,  0.        , -0.        ,  0.        , -0.        ,
        -0.        ,  0.        , -0.        , -0.        ,  0.        ],
       [ 1.9713521 ,  0.        ,  0.        , -0.        ,  0.        ,
         0.        ,  1.5528849 ,  0.        , -0.        ,  0.        ],
       [ 0.        ,  0.        , -0.        , -1.4425097 ,  0.        ,
        -1.3858943 , -0.        , -0.        ,  0.9619473 ,  0.        ],
       [ 1.3700106 , -0.        ,  1.2821404 , -0.        , -0.        ,
         0.        , -0.        ,  0.        , -1.3772465 , -0.        ],
       [ 0.        , -1.5731347 ,  0.        ,  0.        , -1.4806806 ,
         0.        , -0.        ,  0.        ,  1.3482566 ,  0.        ],
       [-0.        ,  1.4654717 , -0.        ,  0.        ,  1.4043787 ,
        -1.598679  , -0.        , -0.        , -0.        ,  0.        ],
       [-0.        ,  0.        ,  0.        , -0.        ,  0.        ,
        -1.1905354 ,  0.        ,  0.90506655, -0.        , -0.        ],
       [-0.        ,  0.        , -0.        , -0.        , -0.        ,
        -0.        ,  0.        , -0.        ,  0.        ,  0.        ],
       [-1.5567242 ,  0.        , -0.        ,  1.3497841 ,  0.        ,
         0.        ,  0.        , -0.        , -0.        ,  0.        ],
       [-0.        , -0.        ,  0.        , -0.        , -0.        ,
         1.4242386 ,  0.        ,  0.        ,  0.        ,  0.        ],
       [ 0.        , -0.        , -0.        ,  0.99545014, -0.        ,
         0.        ,  0.73756427,  0.        , -0.        , -0.        ],
       [ 0.        ,  0.        ,  0.        , -0.        , -0.        ,
         0.        , -0.        , -0.        , -0.        , -0.        ],
       [-0.        ,  0.        ,  0.        ,  1.2368677 ,  0.        ,
        -1.192737  ,  0.        ,  0.        ,  0.        , -0.        ],
       [ 0.        ,  0.        , -0.        , -1.0218891 , -0.        ,
        -0.        , -0.        , -0.        ,  1.0208095 ,  0.        ],
       [ 0.        , -1.2166839 , -0.        ,  1.0208046 ,  0.        ,
        -0.        , -0.        , -0.        , -0.        ,  0.        ],
       [ 0.        , -0.        , -1.3110104 , -0.        ,  0.        ,
        -0.        , -0.        , -0.        , -0.        ,  1.1716348 ],
       [ 0.        , -0.        , -0.        ,  0.        ,  0.        ,
        -0.        , -0.        , -1.5911181 , -0.        , -0.        ],
       [-0.        , -0.        ,  0.        , -0.        , -0.        ,
         0.        ,  0.        , -0.        ,  0.        , -1.3335819 ],
       [-0.        , -1.1884085 ,  0.        ,  0.        , -1.6081218 ,
         0.        ,  0.        , -0.        , -0.        ,  1.4705472 ],
       [ 0.        , -0.        ,  1.2886193 ,  0.        ,  0.        ,
        -0.        , -0.        ,  0.        ,  0.        , -0.        ],
       [ 0.        ,  0.        , -0.        ,  0.        , -1.3732903 ,
        -0.        , -1.130175  , -0.        , -0.        ,  1.268137  ],
       [ 1.5143594 ,  0.        ,  0.        , -0.        , -0.        ,
        -0.        ,  0.        , -0.        , -0.        ,  1.5571892 ],
       [-1.2411716 ,  0.        , -0.9546522 ,  0.        ,  0.        ,
        -0.        , -1.1900067 , -0.        , -0.        ,  0.        ],
       [-0.        ,  1.3567969 ,  0.        ,  0.        ,  0.        ,
         0.        ,  0.        ,  0.        , -0.        , -0.        ],
       [ 0.        , -0.        ,  1.1151596 ,  0.        , -0.        ,
        -0.        , -0.        ,  0.        ,  0.        , -0.        ],
       [-0.        , -0.        , -0.        ,  0.99140716, -0.        ,
         0.        ,  0.        , -0.90926826, -0.        , -0.        ]],
      dtype=float32)
 array([ 0.1766858 ,  0.29928282,  0.13169833, -0.09029852, -0.1053687 ,
        0.28390485,  0.065795  ,  0.16423991, -0.5177725 , -0.19782339],
      dtype=float32)]