FC Layer, 300 (Glorot Init.) Original_Weights[array([[ 0.,  0.,  0., ..., -0.,  0.,  0.],
       [ 0., -0., -0., ..., -0.,  0., -0.],
       [ 0.,  0., -0., ..., -0., -0., -0.],
       ...,
       [ 0.,  0., -0., ...,  0.,  0.,  0.],
       [ 0., -0., -0., ...,  0.,  0., -0.],
       [-0., -0., -0., ..., -0., -0., -0.]], dtype=float32)
 array([-0.12157555,  0.28132412, -0.02393038,  0.22196242,  0.        ,
        0.03706495,  0.20376794, -0.0898835 ,  0.        ,  0.30505833,
        0.04814381,  0.11605262, -0.06404706,  0.        , -0.01776912,
        0.37431982,  0.        ,  0.        ,  0.        , -0.31228468,
        0.12269684, -0.20898612,  0.        ,  0.        ,  0.11615848,
       -0.21508074,  0.        ,  0.        ,  0.        ,  0.1031048 ,
        0.        , -0.02857073,  0.        , -0.1444949 , -0.01589177,
       -0.20014371,  0.        , -0.33749548,  0.04263753,  0.        ,
        0.        ,  0.        ,  0.        ,  0.09649112,  0.        ,
        0.        ,  0.        ,  0.15860611, -0.08600054,  0.        ,
       -0.5248104 , -0.3542733 , -0.33775017, -0.28874797,  0.        ,
        0.        , -0.11738467,  0.        ,  0.01412202, -0.12254419,
       -0.16643043,  0.18451133,  0.        ,  0.        ,  0.        ,
        0.16798066,  0.        , -0.21945988,  0.3263363 ,  0.        ,
        0.05556596,  0.        ,  0.        ,  0.        ,  0.        ,
        0.03602581,  0.        ,  0.295584  ,  0.        ,  0.        ,
        0.        ,  0.07079399, -0.00382215,  0.        ,  0.01686603,
        0.022916  ,  0.24609081,  0.        ,  0.        , -0.31110144,
        0.        , -0.30395457, -0.09750627, -0.07702953, -0.30528536,
        0.        ,  0.        ,  0.        ,  0.        ,  0.26474196,
        0.13135336, -0.12155361, -0.20701651,  0.        ,  0.        ,
        0.09964271,  0.        , -0.05758281, -0.37376183,  0.        ,
       -0.4006709 , -0.05269933,  0.        ,  0.        ,  0.        ,
        0.        , -0.25313058,  0.20807575,  0.        , -0.27600408,
        0.        , -0.24117924, -0.08230269,  0.28711328,  0.        ,
        0.03492098,  0.        , -0.13925439, -0.3420635 , -0.2693556 ,
        0.02873515,  0.        ,  0.        ,  0.        ,  0.        ,
        0.        ,  0.        ,  0.        , -0.29298747,  0.        ,
        0.        ,  0.30330893,  0.04052531,  0.        ,  0.46245882,
        0.1826343 ,  0.        , -0.5371307 , -0.00409819,  0.        ,
        0.        ,  0.14385004,  0.10172613, -0.24743305,  0.        ,
       -0.28424463,  0.        ,  0.        , -0.32909554, -0.5700439 ,
        0.        ,  0.15940449,  0.22503506,  0.15925218,  0.        ,
        0.17698644,  0.12877806,  0.        , -0.2412982 ,  0.05430787,
        0.        ,  0.        ,  0.        ,  0.        ,  0.        ,
        0.        , -0.115702  , -0.1507044 , -0.09380882,  0.        ,
        0.00332442,  0.        ,  0.24521351, -0.0200673 ,  0.        ,
       -0.14027855,  0.1884513 ,  0.09991176,  0.        ,  0.1985825 ,
        0.        ,  0.24505769, -0.07154556,  0.        ,  0.        ,
       -0.15706438,  0.02220157,  0.23283218,  0.16276105,  0.        ,
        0.        ,  0.0846312 ,  0.        ,  0.22022966, -0.22309887,
       -0.01029354, -0.38574597, -0.30097634,  0.        ,  0.10601377,
        0.        , -0.01204363,  0.31142515, -0.39141244, -0.462792  ,
        0.        ,  0.16365574,  0.        , -0.07389532,  0.        ,
       -0.3395433 ,  0.        ,  0.21118744, -0.06449526,  0.        ,
        0.08180577,  0.        ,  0.        , -0.71262795,  0.        ,
       -0.13272513, -0.10552606,  0.        ,  0.2561757 ,  0.        ,
       -0.4183449 ,  0.        ,  0.        ,  0.        ,  0.        ,
       -0.12823349,  0.11169244,  0.        ,  0.        ,  0.        ,
        0.06594103,  0.420801  , -0.2708842 ,  0.        , -0.06088433,
       -0.21989469,  0.        ,  0.        , -0.08149193,  0.        ,
        0.        ,  0.        ,  0.        ,  0.        ,  0.        ,
       -0.0890469 , -0.23935401,  0.        ,  0.        , -0.0359152 ,
        0.        ,  0.0688702 ,  0.        ,  0.        ,  0.        ,
        0.        , -0.10969499,  0.        , -0.14852868,  0.        ,
        0.01521975,  0.        ,  0.2010672 ,  0.05836839,  0.73740107,
       -0.04901613,  0.08567382,  0.        ,  0.        ,  0.        ,
       -0.27892306, -0.36157358, -0.04296907,  0.        ,  0.        ,
        0.        ,  0.        , -0.00116534,  0.25462386,  0.        ,
        0.        ,  0.        , -0.16714334,  0.        ,  0.        ],
      dtype=float32)]FC Layer, 100 (Glorot Init.) Original_Weights[array([[-0., -0., -0., ..., -0., -0., -0.],
       [ 0.,  0., -0., ...,  0., -0., -0.],
       [-0.,  0.,  0., ...,  0., -0., -0.],
       ...,
       [ 0., -0.,  0., ...,  0., -0., -0.],
       [ 0.,  0.,  0., ..., -0.,  0., -0.],
       [ 0., -0.,  0., ...,  0., -0.,  0.]], dtype=float32)
 array([ 0.00000000e+00,  0.00000000e+00,  3.64206225e-01,  0.00000000e+00,
        0.00000000e+00,  3.40709239e-02, -1.36171952e-01,  6.52443841e-02,
        0.00000000e+00, -1.91240892e-01,  9.30058062e-02,  0.00000000e+00,
        4.04671699e-01,  5.48681393e-02,  9.88237560e-02,  2.32687116e-01,
       -1.35773178e-02, -1.28583729e-01,  1.76838368e-01,  0.00000000e+00,
        1.99255809e-01, -2.96018180e-03,  4.34240431e-01, -4.14877478e-03,
       -3.01834568e-02,  2.94079781e-01, -2.24301159e-01, -2.66112804e-01,
        8.16699490e-02,  0.00000000e+00,  3.34687054e-01, -3.13625991e-01,
        5.11323810e-02, -1.21441886e-01, -5.89321144e-02, -1.75483555e-01,
       -7.04455972e-02,  0.00000000e+00, -1.98428065e-01,  6.33465424e-02,
       -4.17861432e-01, -2.36836210e-01, -1.45588294e-01, -1.15170121e-01,
        5.20561300e-02, -1.64434507e-01, -2.24399254e-01,  2.30788440e-01,
       -2.87650134e-02,  0.00000000e+00,  0.00000000e+00,  2.55988985e-01,
        8.70946348e-02,  0.00000000e+00,  0.00000000e+00,  5.54401278e-01,
        1.16059236e-01,  0.00000000e+00, -2.86577314e-01,  0.00000000e+00,
       -7.14604631e-02,  0.00000000e+00,  1.62847415e-02,  7.26808384e-02,
        1.69019625e-01,  0.00000000e+00,  0.00000000e+00,  0.00000000e+00,
       -2.35355303e-01,  2.74354309e-01, -2.62894005e-01,  3.81306410e-01,
        0.00000000e+00,  0.00000000e+00,  0.00000000e+00, -1.24664396e-01,
        1.59742221e-01,  1.31182224e-01, -2.49187931e-01,  4.45008762e-02,
       -1.38982818e-01,  0.00000000e+00,  1.97216898e-01,  0.00000000e+00,
        0.00000000e+00,  0.00000000e+00, -3.04571837e-02, -2.38754228e-01,
        0.00000000e+00,  1.39534324e-01, -6.01736844e-01, -1.89736169e-02,
       -4.04880911e-01, -1.12467289e-01,  2.05614240e-04, -2.14512378e-01,
        7.28067458e-01,  1.70598090e-01, -5.37259411e-03,  0.00000000e+00],
      dtype=float32)]FC Layer, 10 (Softmax) Original_Weights[array([[ 0.       , -0.       ,  0.       , -0.       , -0.       ,
        -0.       ,  0.       ,  0.       ,  0.       ,  0.       ],
       [-0.       , -0.       ,  0.       ,  0.       ,  0.       ,
        -0.       ,  0.       ,  0.       , -0.       , -0.       ],
       [ 0.       ,  0.       ,  0.       , -0.       ,  1.7788574,
        -0.       , -0.       ,  1.8883202, -1.610332 ,  0.       ],
       [ 0.       ,  0.       , -0.       , -0.       , -0.       ,
        -0.       , -0.       ,  0.       , -0.       , -0.       ],
       [ 0.       ,  0.       , -0.       ,  0.       , -0.       ,
        -0.       ,  0.       ,  0.       , -0.       ,  0.       ],
       [-0.       , -0.       ,  0.       , -0.       , -0.       ,
         0.       , -2.16925  , -0.       ,  0.       ,  0.       ],
       [ 0.       , -0.       ,  0.       , -1.9784924, -0.       ,
         0.       ,  0.       , -2.1056128, -0.       ,  0.       ],
       [-0.       , -0.       , -0.       ,  0.       , -0.       ,
         0.       ,  0.       , -2.6123354,  0.       ,  0.       ],
       [ 0.       , -0.       , -0.       , -0.       ,  0.       ,
         0.       ,  0.       , -0.       , -0.       , -0.       ],
       [ 0.       ,  2.2751222, -0.       ,  0.       ,  0.       ,
        -0.       ,  2.0193112,  0.       , -0.       , -0.       ],
       [-0.       , -0.       , -0.       ,  0.       , -0.       ,
         0.       , -1.6950283, -0.       ,  0.       ,  0.       ],
       [ 0.       ,  0.       ,  0.       , -0.       ,  0.       ,
        -0.       , -0.       ,  0.       , -0.       , -0.       ],
       [-1.4844654, -0.       ,  0.       ,  0.       , -0.       ,
        -0.       ,  0.       , -0.       , -2.0737782,  0.       ],
       [ 0.       , -0.       ,  0.       ,  2.107927 ,  0.       ,
        -0.       ,  0.       , -0.       , -0.       , -0.       ],
       [-0.       ,  0.       , -0.       ,  0.       ,  2.0706747,
         0.       ,  0.       ,  0.       , -0.       ,  0.       ],
       [-0.       , -0.       ,  0.       ,  0.       , -0.       ,
        -1.8094021,  0.       , -0.       ,  0.       ,  0.       ],
       [-0.       , -0.       ,  0.       , -2.2654057, -0.       ,
         0.       ,  0.       , -0.       ,  0.       ,  0.       ],
       [ 0.       , -0.       ,  0.       , -0.       ,  0.       ,
        -2.5165718, -0.       ,  0.       ,  0.       , -0.       ],
       [-0.       ,  0.       , -0.       , -0.       ,  0.       ,
        -0.       ,  0.       ,  0.       , -1.7119427, -0.       ],
       [-0.       ,  0.       ,  0.       ,  0.       ,  0.       ,
         0.       ,  0.       , -0.       , -0.       , -0.       ],
       [-0.       , -0.       , -1.5468192,  0.       , -0.       ,
        -0.       ,  0.       , -0.       ,  0.       ,  0.       ],
       [-0.       ,  0.       , -1.5256584, -0.       , -0.       ,
        -0.       ,  1.8333163,  0.       ,  0.       ,  0.       ],
       [-0.       , -0.       ,  1.808401 , -0.       , -0.       ,
        -0.       ,  0.       , -0.       ,  0.       ,  0.       ],
       [-0.       , -1.7964135, -0.       ,  0.       ,  0.       ,
         0.       ,  0.       ,  0.       , -0.       , -0.       ],
       [-0.       ,  0.       ,  0.       , -0.       , -0.       ,
         0.       , -0.       ,  1.8838995, -0.       ,  0.       ],
       [-2.0595002, -0.       , -0.       , -0.       , -0.       ,
        -0.       , -1.9986979, -0.       , -0.       ,  0.       ],
       [-0.       , -0.       , -0.       , -0.       ,  2.1850495,
         0.       ,  0.       , -2.1008837,  0.       ,  0.       ],
       [-0.       , -0.       ,  0.       ,  0.       ,  0.       ,
         0.       , -0.       , -0.       ,  2.4754698,  0.       ],
       [-0.       ,  0.       , -0.       , -2.1552927,  0.       ,
        -0.       ,  0.       ,  0.       , -0.       ,  0.       ],
       [ 0.       ,  0.       , -0.       , -0.       ,  0.       ,
        -0.       , -0.       ,  0.       ,  0.       , -0.       ],
       [ 0.       ,  0.       ,  0.       ,  0.       ,  0.       ,
        -0.       , -0.       , -0.       , -1.9712344, -0.       ],
       [ 0.       ,  0.       ,  0.       , -2.055126 ,  1.9979166,
         0.       ,  0.       , -0.       , -0.       ,  2.8956091],
       [-0.       , -2.7282279, -1.6560847,  0.       , -0.       ,
        -0.       ,  0.       ,  0.       , -0.       ,  0.       ],
       [ 0.       ,  0.       , -0.       ,  0.       ,  0.       ,
        -1.5019784, -0.       , -0.       , -0.       ,  0.       ],
       [ 1.6005822,  0.       , -0.       ,  0.       ,  0.       ,
        -0.       ,  0.       ,  0.       , -0.       , -0.       ],
       [ 2.2623236, -0.       ,  0.       , -0.       ,  0.       ,
         0.       ,  1.9923565, -0.       , -0.       ,  0.       ],
       [ 0.       ,  0.       , -0.       , -1.354629 ,  0.       ,
        -0.       , -0.       ,  0.       , -0.       , -0.       ],
       [ 0.       ,  0.       , -0.       , -0.       , -0.       ,
        -0.       ,  0.       ,  0.       ,  0.       ,  0.       ],
       [ 0.       ,  2.0671983,  0.       , -0.       ,  0.       ,
        -0.       , -0.       , -0.       ,  0.       , -0.       ],
       [ 0.       ,  2.3668442, -0.       ,  0.       ,  0.       ,
         0.       , -0.       ,  0.       ,  0.       , -0.       ],
       [-0.       , -0.       ,  0.       ,  0.       , -0.       ,
        -2.4069932, -3.0409052, -0.       ,  0.       ,  0.       ],
       [ 0.       ,  0.       ,  0.       , -0.       ,  1.4805012,
        -0.       , -0.       ,  0.       , -0.       , -0.       ],
       [ 0.       ,  0.       ,  1.709611 ,  0.       ,  0.       ,
        -0.       , -0.       , -0.       , -0.       , -0.       ],
       [ 0.       , -0.       , -0.       , -0.       ,  0.       ,
         0.       , -0.       , -0.       ,  0.       ,  1.8219571],
       [-0.       , -0.       ,  0.       , -0.       , -1.489454 ,
         0.       ,  0.       ,  0.       ,  0.       ,  0.       ],
       [ 0.       ,  0.       ,  0.       , -0.       ,  0.       ,
        -2.3997805, -0.       , -0.       , -0.       ,  0.       ],
       [-0.       ,  0.       , -2.499725 , -0.       , -0.       ,
        -0.       ,  0.       , -0.       , -0.       ,  0.       ],
       [-0.       ,  0.       , -0.       ,  0.       , -0.       ,
        -0.       ,  0.       ,  0.       , -2.1096363,  0.       ],
       [ 0.       ,  0.       ,  0.       , -0.       , -0.       ,
        -0.       , -0.       , -0.       ,  2.4157505, -1.9450011],
       [ 0.       , -0.       , -0.       , -0.       , -0.       ,
        -0.       ,  0.       ,  0.       ,  0.       ,  0.       ],
       [ 0.       ,  0.       , -0.       , -0.       ,  0.       ,
         0.       , -0.       ,  0.       ,  0.       , -0.       ],
       [ 0.       ,  0.       ,  1.4838003, -0.       , -2.0126398,
         0.       , -0.       , -0.       ,  0.       , -0.       ],
       [ 0.       ,  0.       , -1.5334725,  0.       ,  0.       ,
        -0.       , -0.       ,  0.       , -0.       , -0.       ],
       [-0.       , -0.       ,  0.       ,  0.       , -0.       ,
         0.       ,  0.       , -0.       , -0.       , -0.       ],
       [ 0.       ,  0.       , -0.       , -0.       ,  0.       ,
         0.       , -0.       , -0.       , -0.       , -0.       ],
       [ 0.       , -0.       ,  0.       , -0.       ,  0.       ,
         1.7150934,  2.3187156,  0.       ,  0.       , -0.       ],
       [ 0.       ,  2.947665 ,  0.       , -0.       ,  0.       ,
        -0.       , -0.       , -0.       ,  0.       , -0.       ],
       [-0.       ,  0.       , -0.       , -0.       ,  0.       ,
        -0.       ,  0.       ,  0.       , -0.       ,  0.       ],
       [ 0.       ,  0.       ,  0.       ,  0.       ,  0.       ,
        -0.       , -0.       , -1.6287522, -0.       , -0.       ],
       [ 0.       , -0.       ,  0.       ,  0.       , -0.       ,
         0.       , -0.       , -0.       ,  0.       , -0.       ],
       [ 0.       ,  0.       , -0.       , -0.       ,  0.       ,
         1.6119602, -0.       ,  0.       , -0.       , -0.       ],
       [-0.       , -0.       ,  0.       ,  0.       , -0.       ,
        -0.       , -0.       ,  0.       , -0.       ,  0.       ],
       [-0.       , -0.       ,  0.       , -0.       , -0.       ,
        -0.       ,  0.       , -0.       ,  0.       , -1.7390267],
       [ 1.7717679,  0.       , -0.       ,  0.       ,  0.       ,
         0.       , -0.       ,  0.       , -0.       , -0.       ],
       [-0.       ,  0.       ,  1.7601134,  0.       ,  0.       ,
        -0.       ,  0.       ,  0.       , -0.       , -0.       ],
       [ 0.       , -0.       ,  0.       , -0.       , -0.       ,
        -0.       , -0.       ,  0.       ,  0.       ,  0.       ],
       [ 0.       ,  0.       , -0.       ,  0.       ,  0.       ,
        -0.       , -0.       , -0.       , -0.       ,  0.       ],
       [-0.       , -0.       ,  0.       ,  0.       , -0.       ,
         0.       , -0.       , -0.       , -0.       ,  0.       ],
       [ 0.       ,  0.       ,  0.       , -0.       ,  0.       ,
        -0.       , -0.       ,  0.       , -0.       ,  1.5593994],
       [ 0.       , -0.       ,  0.       ,  0.       ,  0.       ,
        -0.       , -0.       ,  2.8943865,  0.       , -0.       ],
       [ 0.       , -0.       , -0.       , -0.       ,  0.       ,
        -0.       ,  2.0366554, -1.1578002,  0.       , -0.       ],
       [-0.       , -0.       ,  0.       , -0.       , -0.       ,
         2.286174 ,  0.       , -0.       ,  0.       ,  0.       ],
       [ 0.       ,  0.       , -0.       ,  0.       , -0.       ,
        -0.       , -0.       ,  0.       ,  0.       ,  0.       ],
       [-0.       , -0.       ,  0.       , -0.       , -0.       ,
        -0.       ,  0.       , -0.       ,  0.       ,  0.       ],
       [-0.       ,  0.       , -0.       ,  0.       , -0.       ,
        -0.       ,  0.       , -0.       , -0.       ,  0.       ],
       [ 2.3041275,  0.       , -0.       , -0.       , -0.       ,
         0.       ,  2.8052778,  0.       , -0.       , -0.       ],
       [-0.       ,  0.       ,  0.       , -2.4812796, -0.       ,
        -3.0017562,  0.       , -0.       ,  0.       ,  0.       ],
       [ 1.616593 , -0.       ,  0.       , -0.       ,  0.       ,
         0.       , -0.       ,  0.       , -1.5483124, -0.       ],
       [-0.       , -3.348442 ,  0.       ,  0.       , -2.48186  ,
        -0.       , -0.       , -0.       ,  0.       ,  0.       ],
       [ 0.       ,  1.5560347,  0.       ,  0.       , -0.       ,
        -2.6012938, -0.       , -0.       ,  0.       , -0.       ],
       [ 0.       ,  0.       , -0.       , -0.       ,  0.       ,
        -1.7164744, -0.       ,  0.       ,  0.       , -0.       ],
       [-0.       ,  0.       , -0.       , -0.       , -0.       ,
        -0.       ,  0.       , -0.       ,  0.       ,  0.       ],
       [-1.7131858, -0.       ,  0.       ,  0.       , -0.       ,
        -0.       ,  0.       , -0.       ,  0.       ,  0.       ],
       [ 0.       , -0.       , -0.       , -0.       , -0.       ,
         0.       ,  0.       , -0.       ,  0.       , -0.       ],
       [ 0.       ,  0.       ,  0.       , -0.       ,  0.       ,
         0.       ,  0.       ,  0.       , -0.       , -0.       ],
       [ 0.       ,  0.       ,  0.       , -0.       , -0.       ,
         0.       , -0.       , -0.       , -0.       , -0.       ],
       [ 0.       ,  0.       , -0.       ,  1.6926275,  0.       ,
         0.       , -0.       , -0.       , -0.       , -0.       ],
       [ 0.       , -0.       ,  0.       , -1.7688932, -0.       ,
        -0.       , -0.       , -0.       ,  1.6786224,  0.       ],
       [ 0.       , -0.       ,  0.       ,  0.       ,  0.       ,
        -0.       ,  0.       , -0.       , -0.       , -0.       ],
       [-0.       ,  0.       , -1.0363829, -0.       , -0.       ,
         0.       ,  0.       ,  0.       , -0.       ,  1.9953034],
       [-0.       , -0.       , -0.       ,  0.       , -0.       ,
         0.       ,  0.       , -1.6419042,  0.       ,  0.       ],
       [ 0.       ,  0.       , -0.       , -0.       ,  0.       ,
        -0.       , -0.       , -0.       ,  0.       , -1.9115539],
       [-0.       , -0.       ,  0.       ,  0.       , -1.4783192,
        -0.       ,  0.       , -0.       ,  0.       ,  1.8995594],
       [-0.       ,  0.       ,  2.1677866,  0.       ,  0.       ,
        -0.       ,  0.       ,  0.       , -0.       , -0.       ],
       [ 0.       ,  0.       , -0.       ,  0.       , -2.5477076,
         0.       , -0.       , -0.       , -0.       ,  0.       ],
       [ 1.9353578, -0.       ,  0.       , -0.       , -0.       ,
        -0.       ,  0.       , -0.       , -0.       ,  0.       ],
       [-2.0479145, -0.       ,  0.       ,  0.       ,  0.       ,
         0.       , -2.6730297, -0.       ,  0.       , -0.       ],
       [-0.       ,  1.5680628, -0.       ,  0.       , -0.       ,
         0.       ,  0.       , -0.       ,  0.       ,  0.       ],
       [ 0.       ,  0.       ,  1.9603059, -0.       ,  0.       ,
        -0.       ,  0.       ,  0.       ,  0.       , -0.       ],
       [ 0.       ,  0.       , -0.       ,  0.       , -0.       ,
        -0.       , -0.       , -0.       ,  0.       ,  0.       ]],
      dtype=float32)
 array([-0.02488209,  0.40062544, -0.02851747,  0.05522444,  0.20636718,
        0.32044235, -0.2054088 ,  0.55191535, -0.7781063 , -0.35983717],
      dtype=float32)]