FC Layer, 300 (Glorot Init.) Original_Weights[array([[ 0.,  0.,  0., ..., -0.,  0.,  0.],
       [ 0., -0., -0., ..., -0.,  0., -0.],
       [ 0.,  0., -0., ..., -0., -0., -0.],
       ...,
       [ 0.,  0., -0., ...,  0.,  0.,  0.],
       [ 0., -0., -0., ...,  0.,  0., -0.],
       [-0., -0., -0., ..., -0., -0., -0.]], dtype=float32)
 array([-0.294707  ,  0.00128512,  0.        ,  0.22774814,  0.        ,
        0.19776982,  0.11511354,  0.11245703,  0.        ,  0.16703804,
        0.05156427,  0.18921877, -0.10796773,  0.        ,  0.00692953,
        0.31073564,  0.        ,  0.        ,  0.        , -0.40160334,
        0.        ,  0.03621337,  0.        ,  0.        ,  0.15382189,
       -0.29961094,  0.        ,  0.        ,  0.        ,  0.00615313,
        0.        , -0.05222063,  0.        ,  0.01112286, -0.12328846,
       -0.14724101,  0.        , -0.29610124,  0.        ,  0.        ,
        0.        ,  0.        ,  0.        ,  0.22706713,  0.        ,
        0.        ,  0.        ,  0.19082461,  0.17782815,  0.        ,
       -0.3704771 , -0.1298596 , -0.33988604, -0.21667944,  0.        ,
        0.        ,  0.13864625,  0.        ,  0.        , -0.03862721,
       -0.19649583,  0.        ,  0.        ,  0.        ,  0.        ,
        0.13353042,  0.        ,  0.03654921,  0.22029689,  0.        ,
        0.01415402,  0.        ,  0.        ,  0.        ,  0.        ,
        0.        ,  0.        ,  0.04690892,  0.        ,  0.        ,
        0.        ,  0.        , -0.2631715 ,  0.        ,  0.        ,
        0.05943881,  0.32352704,  0.        ,  0.        , -0.505795  ,
        0.        , -0.2924305 , -0.24368365, -0.30319893, -0.2872048 ,
        0.        ,  0.        ,  0.        ,  0.        ,  0.2999624 ,
        0.00836646, -0.20352863, -0.19106883,  0.        ,  0.        ,
        0.24115649,  0.        ,  0.2199814 , -0.5579113 ,  0.        ,
       -0.11104727, -0.01935656,  0.        ,  0.        ,  0.        ,
        0.        , -0.00842216,  0.        ,  0.        , -0.24227701,
        0.        , -0.23864514, -0.40938905,  0.18449153,  0.        ,
       -0.01224328,  0.        ,  0.00788624, -0.54213786, -0.13832876,
        0.00235187,  0.        ,  0.        ,  0.        ,  0.        ,
        0.        ,  0.        ,  0.        , -0.16203484,  0.        ,
        0.        ,  0.23109555,  0.05155542,  0.        ,  0.16607492,
        0.012904  ,  0.        , -0.11032686, -0.02433502,  0.        ,
        0.        , -0.04497335,  0.1301541 ,  0.        ,  0.        ,
       -0.24457589,  0.        ,  0.        , -0.36945006, -0.43092722,
        0.        ,  0.        ,  0.04953449,  0.        ,  0.        ,
        0.53272504,  0.36054388,  0.        , -0.09833477,  0.02115744,
        0.        ,  0.        ,  0.        ,  0.        ,  0.        ,
        0.        , -0.04916271, -0.3062404 ,  0.03726463,  0.        ,
        0.        ,  0.        , -0.00499954, -0.05767751,  0.        ,
        0.10499379,  0.2553938 ,  0.33264625,  0.        ,  0.        ,
        0.        ,  0.29206437,  0.03299967,  0.        ,  0.        ,
        0.        ,  0.01281642,  0.15832151,  0.05320257,  0.        ,
        0.        ,  0.10172373,  0.        ,  0.4284256 , -0.02857265,
        0.        , -0.2725164 , -0.34729704,  0.        ,  0.        ,
        0.        ,  0.01670429,  0.25499058, -0.43275106,  0.        ,
        0.        ,  0.04649435,  0.        ,  0.        ,  0.        ,
       -0.22639416,  0.        ,  0.08056092, -0.09507933,  0.        ,
        0.        ,  0.        ,  0.        ,  0.        ,  0.        ,
       -0.05409601, -0.34163848,  0.        ,  0.        ,  0.        ,
       -0.5356723 ,  0.        ,  0.        ,  0.        ,  0.        ,
       -0.14269824, -0.16168976,  0.        ,  0.        ,  0.        ,
        0.07315175,  0.46238455, -0.16700667,  0.        ,  0.06290671,
       -0.05922854,  0.        ,  0.        , -0.16069283,  0.        ,
        0.        ,  0.        ,  0.        ,  0.        ,  0.        ,
        0.        ,  0.        ,  0.        ,  0.        , -0.0773415 ,
        0.        ,  0.08448093,  0.        ,  0.        ,  0.        ,
        0.        , -0.16796644,  0.        , -0.23370788,  0.        ,
        0.17070533,  0.        ,  0.06409829, -0.10348177,  0.5465158 ,
       -0.05535319,  0.08430545,  0.        ,  0.        ,  0.        ,
       -0.2705906 , -0.29923895, -0.05051348,  0.        ,  0.        ,
        0.        ,  0.        , -0.02674476,  0.3888064 ,  0.        ,
        0.        ,  0.        , -0.17154507,  0.        ,  0.        ],
      dtype=float32)]FC Layer, 100 (Glorot Init.) Original_Weights[array([[-0., -0.,  0., ...,  0., -0., -0.],
       [ 0.,  0.,  0., ...,  0., -0., -0.],
       [-0.,  0.,  0., ..., -0., -0., -0.],
       ...,
       [ 0., -0.,  0., ...,  0., -0., -0.],
       [ 0.,  0.,  0., ..., -0.,  0., -0.],
       [ 0., -0.,  0., ...,  0., -0.,  0.]], dtype=float32)
 array([ 0.00000000e+00,  0.00000000e+00,  3.88735324e-01,  0.00000000e+00,
        0.00000000e+00,  7.91275203e-02,  8.69700536e-02, -1.89726964e-01,
        0.00000000e+00, -2.94956099e-02, -7.61852190e-02,  0.00000000e+00,
        1.87773511e-01,  4.13807742e-02,  9.46808830e-02, -1.26360521e-01,
       -6.93919808e-02, -8.92997012e-02,  3.51486653e-01,  0.00000000e+00,
       -1.56222100e-04,  2.17838302e-01,  4.52056289e-01, -1.28440082e-01,
        3.78288716e-01,  3.19658577e-01, -3.62485409e-01, -4.24592376e-01,
        2.16908038e-01,  0.00000000e+00,  7.90111274e-02, -5.65893129e-02,
        8.74251202e-02,  0.00000000e+00, -7.77196884e-02, -1.65506765e-01,
        0.00000000e+00,  0.00000000e+00, -4.30844724e-03,  6.98131025e-02,
       -5.23148477e-01,  0.00000000e+00, -3.17447484e-01, -1.08618490e-01,
        0.00000000e+00, -2.01056555e-01,  1.36412978e-01,  1.91875279e-01,
       -4.06011939e-02,  0.00000000e+00,  0.00000000e+00,  1.63900912e-01,
        6.42189160e-02,  0.00000000e+00,  0.00000000e+00,  6.33299351e-01,
        2.06257075e-01,  0.00000000e+00, -3.15183908e-01,  0.00000000e+00,
       -4.32159081e-02,  0.00000000e+00,  1.25243636e-02,  1.00853749e-01,
        1.00617625e-01,  0.00000000e+00,  0.00000000e+00,  0.00000000e+00,
       -1.41977817e-01,  1.35213971e-01, -3.26083899e-01,  3.93565565e-01,
        0.00000000e+00,  0.00000000e+00,  0.00000000e+00,  2.04016596e-01,
        1.50536969e-01,  7.72891343e-02, -4.43483889e-01,  9.60725769e-02,
       -1.33657202e-01,  0.00000000e+00,  2.58625656e-01,  0.00000000e+00,
        0.00000000e+00,  0.00000000e+00,  1.35005452e-02, -1.79461185e-02,
        0.00000000e+00,  3.77874933e-02, -2.14044526e-01, -4.17713821e-01,
       -2.58479625e-01, -6.15243763e-02, -5.90024851e-02, -9.93611589e-02,
        7.36051381e-01,  2.81741396e-02, -2.68451590e-03,  0.00000000e+00],
      dtype=float32)]FC Layer, 10 (Softmax) Original_Weights[array([[ 0.       , -0.       ,  0.       , -0.       , -0.       ,
        -0.       ,  0.       ,  0.       ,  0.       ,  0.       ],
       [-0.       , -0.       ,  0.       ,  0.       ,  0.       ,
        -0.       ,  0.       ,  0.       , -0.       , -0.       ],
       [-0.       , -0.       ,  0.       , -0.       ,  2.3881009,
         0.       ,  0.       ,  2.275368 , -2.262554 ,  0.       ],
       [ 0.       ,  0.       , -0.       , -0.       , -0.       ,
        -0.       , -0.       ,  0.       , -0.       , -0.       ],
       [ 0.       ,  0.       , -0.       ,  0.       , -0.       ,
        -0.       ,  0.       ,  0.       , -0.       ,  0.       ],
       [ 0.       ,  0.       , -0.       ,  0.       ,  0.       ,
        -0.       , -2.2687335, -0.       ,  0.       ,  0.       ],
       [-0.       ,  0.       , -0.       , -1.7025528,  0.       ,
         0.       , -0.       , -2.5108314, -0.       , -0.       ],
       [ 0.       ,  0.       , -0.       ,  0.       ,  0.       ,
        -0.       , -0.       , -2.5342784,  0.       ,  0.       ],
       [ 0.       , -0.       , -0.       , -0.       ,  0.       ,
         0.       ,  0.       , -0.       , -0.       , -0.       ],
       [ 0.       ,  2.025306 , -0.       , -0.       ,  0.       ,
         0.       ,  1.3618138,  0.       ,  0.       , -0.       ],
       [-0.       ,  0.       ,  0.       ,  0.       ,  0.       ,
         0.       , -1.9564575, -0.       , -0.       ,  0.       ],
       [-0.       ,  0.       , -0.       , -0.       , -0.       ,
         0.       , -0.       ,  0.       ,  0.       , -0.       ],
       [-0.       , -0.       , -0.       , -0.       ,  0.       ,
        -0.       ,  0.       , -0.       , -1.815623 ,  0.       ],
       [-0.       ,  0.       , -0.       ,  2.153646 , -0.       ,
        -0.       ,  0.       , -0.       ,  0.       ,  0.       ],
       [-0.       ,  0.       ,  0.       , -0.       ,  1.4970936,
        -0.       , -0.       , -0.       ,  0.       ,  0.       ],
       [-0.       , -0.       ,  0.       , -0.       ,  0.       ,
        -1.6772575,  0.       , -0.       , -0.       , -0.       ],
       [ 0.       ,  0.       , -0.       , -2.5368705,  0.       ,
        -0.       ,  0.       , -0.       , -0.       ,  0.       ],
       [-0.       , -0.       ,  0.       , -0.       , -0.       ,
        -2.4366179,  0.       , -0.       , -0.       , -0.       ],
       [ 0.       ,  0.       , -0.       ,  0.       ,  0.       ,
        -0.       , -0.       , -0.       , -1.4695878,  0.       ],
       [-0.       ,  0.       ,  0.       ,  0.       ,  0.       ,
         0.       ,  0.       , -0.       , -0.       , -0.       ],
       [-0.       , -0.       ,  0.       , -0.       , -0.       ,
         0.       ,  0.       ,  0.       , -0.       , -0.       ],
       [ 0.       , -0.       , -0.       , -0.       , -0.       ,
         0.       ,  2.6069107,  0.       , -0.       , -0.       ],
       [ 0.       ,  0.       ,  2.1435244,  0.       ,  0.       ,
         0.       , -0.       ,  0.       ,  0.       , -0.       ],
       [ 0.       , -1.7086322,  0.       ,  0.       ,  0.       ,
        -0.       ,  0.       ,  0.       , -0.       ,  0.       ],
       [ 0.       ,  0.       , -0.       ,  0.       , -0.       ,
        -0.       , -0.       ,  1.9899108, -0.       ,  0.       ],
       [-2.6523485,  0.       , -0.       ,  0.       ,  0.       ,
        -0.       , -1.7518647, -0.       , -0.       ,  0.       ],
       [ 0.       , -0.       ,  0.       , -0.       ,  2.668861 ,
         0.       , -0.       , -2.8490345,  0.       , -0.       ],
       [ 0.       , -0.       ,  0.       , -0.       , -0.       ,
         0.       ,  0.       , -0.       ,  2.7150822, -0.       ],
       [ 0.       , -0.       ,  0.       , -2.5621123,  0.       ,
         0.       ,  0.       , -0.       , -0.       , -0.       ],
       [ 0.       ,  0.       , -0.       , -0.       ,  0.       ,
        -0.       , -0.       ,  0.       ,  0.       , -0.       ],
       [-0.       , -0.       ,  0.       , -0.       , -0.       ,
         0.       ,  0.       ,  0.       , -2.4986212, -0.       ],
       [-0.       , -0.       ,  0.       , -1.4098728, -0.       ,
         0.       ,  0.       ,  0.       , -0.       ,  1.947207 ],
       [ 0.       , -2.9153175, -2.1096475,  0.       ,  0.       ,
        -0.       , -0.       ,  0.       , -0.       ,  0.       ],
       [-0.       ,  0.       ,  0.       ,  0.       ,  0.       ,
         0.       , -0.       ,  0.       , -0.       , -0.       ],
       [ 1.7620904, -0.       ,  0.       ,  0.       ,  0.       ,
         0.       , -0.       ,  0.       , -0.       , -0.       ],
       [ 2.5012438, -0.       ,  0.       , -0.       ,  0.       ,
         0.       ,  2.416869 , -0.       , -0.       ,  0.       ],
       [ 0.       ,  0.       , -0.       , -0.       , -0.       ,
        -0.       ,  0.       ,  0.       ,  0.       ,  0.       ],
       [ 0.       ,  0.       , -0.       , -0.       , -0.       ,
        -0.       ,  0.       ,  0.       ,  0.       ,  0.       ],
       [-0.       ,  2.8419447, -0.       ,  0.       , -0.       ,
         0.       ,  0.       ,  0.       , -0.       , -0.       ],
       [ 0.       ,  2.3921165, -0.       ,  0.       , -0.       ,
         0.       , -0.       ,  0.       , -0.       , -0.       ],
       [ 0.       ,  0.       , -0.       ,  0.       ,  0.       ,
        -2.6936376, -3.4060097, -0.       , -0.       , -0.       ],
       [ 0.       ,  0.       , -0.       , -0.       ,  0.       ,
         0.       ,  0.       , -0.       , -0.       ,  0.       ],
       [-0.       , -0.       ,  1.9686644, -0.       , -0.       ,
         0.       ,  0.       ,  0.       ,  0.       , -0.       ],
       [-0.       , -0.       ,  0.       , -0.       , -0.       ,
         0.       ,  0.       ,  0.       , -0.       ,  2.2707362],
       [-0.       , -0.       , -0.       , -0.       , -0.       ,
         0.       ,  0.       ,  0.       ,  0.       ,  0.       ],
       [-0.       , -0.       , -0.       , -0.       , -0.       ,
        -2.553629 ,  0.       , -0.       , -0.       ,  0.       ],
       [ 0.       , -0.       , -2.9187849, -0.       ,  0.       ,
         0.       , -0.       ,  0.       , -0.       ,  0.       ],
       [-0.       ,  0.       ,  0.       , -0.       ,  0.       ,
        -0.       , -0.       , -0.       , -2.0833468,  0.       ],
       [-0.       ,  0.       , -0.       ,  0.       , -0.       ,
        -0.       , -0.       ,  0.       ,  1.8920952, -1.4938847],
       [ 0.       , -0.       , -0.       , -0.       , -0.       ,
        -0.       ,  0.       ,  0.       ,  0.       ,  0.       ],
       [ 0.       ,  0.       , -0.       , -0.       ,  0.       ,
         0.       , -0.       ,  0.       ,  0.       , -0.       ],
       [-0.       ,  0.       , -0.       ,  0.       , -2.3648815,
         0.       , -0.       ,  0.       ,  0.       , -0.       ],
       [-0.       , -0.       , -0.       ,  0.       , -0.       ,
         0.       ,  0.       ,  0.       , -0.       , -0.       ],
       [-0.       , -0.       ,  0.       ,  0.       , -0.       ,
         0.       ,  0.       , -0.       , -0.       , -0.       ],
       [ 0.       ,  0.       , -0.       , -0.       ,  0.       ,
         0.       , -0.       , -0.       , -0.       , -0.       ],
       [-0.       , -0.       ,  0.       , -0.       , -0.       ,
         2.5077238,  2.2831845,  0.       ,  0.       , -0.       ],
       [ 0.       ,  2.9910223, -0.       ,  0.       ,  0.       ,
        -0.       ,  0.       ,  0.       , -0.       , -0.       ],
       [-0.       ,  0.       , -0.       , -0.       ,  0.       ,
        -0.       ,  0.       ,  0.       , -0.       ,  0.       ],
       [-0.       , -0.       ,  0.       , -0.       ,  0.       ,
         0.       ,  0.       , -0.       , -0.       , -0.       ],
       [ 0.       , -0.       ,  0.       ,  0.       , -0.       ,
         0.       , -0.       , -0.       ,  0.       , -0.       ],
       [-0.       , -0.       ,  0.       , -0.       , -0.       ,
         1.9002285,  0.       ,  0.       ,  0.       ,  0.       ],
       [-0.       , -0.       ,  0.       ,  0.       , -0.       ,
        -0.       , -0.       ,  0.       , -0.       ,  0.       ],
       [ 0.       , -0.       , -0.       , -0.       , -0.       ,
         0.       , -0.       , -0.       ,  0.       , -1.6938709],
       [ 2.097513 , -0.       ,  0.       , -0.       ,  0.       ,
         0.       , -0.       ,  0.       , -0.       , -0.       ],
       [-0.       ,  0.       ,  1.4195163, -0.       ,  0.       ,
        -0.       ,  0.       , -0.       ,  0.       ,  0.       ],
       [ 0.       , -0.       ,  0.       , -0.       , -0.       ,
        -0.       , -0.       ,  0.       ,  0.       ,  0.       ],
       [ 0.       ,  0.       , -0.       ,  0.       ,  0.       ,
        -0.       , -0.       , -0.       , -0.       ,  0.       ],
       [-0.       , -0.       ,  0.       ,  0.       , -0.       ,
         0.       , -0.       , -0.       , -0.       ,  0.       ],
       [-0.       , -0.       ,  0.       , -0.       , -0.       ,
         0.       , -0.       ,  0.       , -0.       ,  1.9209644],
       [ 0.       ,  0.       ,  0.       ,  0.       , -0.       ,
         0.       ,  0.       ,  2.9395638, -0.       , -0.       ],
       [-0.       ,  0.       ,  0.       , -0.       , -0.       ,
         0.       ,  2.263011 ,  0.       ,  0.       , -0.       ],
       [ 0.       ,  0.       , -0.       , -0.       , -0.       ,
         2.2522132,  0.       , -0.       ,  0.       , -0.       ],
       [ 0.       ,  0.       , -0.       ,  0.       , -0.       ,
        -0.       , -0.       ,  0.       ,  0.       ,  0.       ],
       [ 0.       ,  0.       , -0.       , -0.       ,  0.       ,
        -0.       ,  0.       ,  0.       , -0.       ,  0.       ],
       [-0.       ,  0.       , -0.       ,  0.       , -0.       ,
        -0.       ,  0.       , -0.       , -0.       ,  0.       ],
       [ 0.       ,  0.       ,  0.       , -0.       ,  0.       ,
        -0.       ,  2.0190907,  0.       ,  0.       , -0.       ],
       [-0.       ,  0.       , -0.       , -3.5053916,  0.       ,
        -3.221249 , -0.       , -0.       ,  0.       , -0.       ],
       [ 0.       , -0.       ,  0.       , -0.       , -0.       ,
        -0.       ,  0.       ,  0.       , -1.7253519,  0.       ],
       [-0.       , -3.7511907,  0.       ,  0.       , -3.8687515,
        -0.       , -0.       , -0.       ,  0.       ,  0.       ],
       [ 0.       ,  1.6692789,  0.       , -0.       ,  0.       ,
        -2.9469783, -0.       ,  0.       ,  0.       , -0.       ],
       [-0.       , -0.       ,  0.       , -0.       ,  0.       ,
        -1.7020292,  0.       , -0.       , -0.       ,  0.       ],
       [-0.       ,  0.       , -0.       , -0.       , -0.       ,
        -0.       ,  0.       , -0.       ,  0.       ,  0.       ],
       [-2.33288  ,  0.       , -0.       ,  0.       ,  0.       ,
        -0.       , -0.       , -0.       ,  0.       ,  0.       ],
       [-0.       , -0.       ,  0.       ,  0.       , -0.       ,
         0.       , -0.       ,  0.       ,  0.       , -0.       ],
       [ 0.       ,  0.       ,  0.       , -0.       ,  0.       ,
         0.       ,  0.       ,  0.       , -0.       , -0.       ],
       [ 0.       ,  0.       ,  0.       , -0.       , -0.       ,
         0.       , -0.       , -0.       , -0.       , -0.       ],
       [-0.       ,  0.       ,  0.       ,  1.6507931, -0.       ,
         0.       , -0.       ,  0.       , -0.       , -0.       ],
       [-0.       ,  0.       , -0.       , -1.7962226,  0.       ,
        -0.       , -0.       , -0.       ,  0.       ,  0.       ],
       [ 0.       , -0.       ,  0.       ,  0.       ,  0.       ,
        -0.       ,  0.       , -0.       , -0.       , -0.       ],
       [ 0.       , -0.       , -0.       ,  0.       ,  0.       ,
        -0.       , -0.       , -0.       , -0.       ,  2.4450421],
       [ 0.       ,  0.       , -0.       ,  0.       ,  0.       ,
        -0.       ,  0.       , -0.       ,  0.       ,  0.       ],
       [-0.       , -0.       ,  0.       ,  0.       , -0.       ,
         0.       , -0.       ,  0.       ,  0.       , -1.8062525],
       [-0.       ,  0.       ,  0.       ,  0.       ,  0.       ,
        -0.       , -0.       ,  0.       , -0.       ,  2.6047475],
       [ 0.       , -0.       ,  2.396614 ,  0.       ,  0.       ,
        -0.       ,  0.       , -0.       , -0.       ,  0.       ],
       [ 0.       , -0.       , -0.       ,  0.       , -1.9419549,
        -0.       , -0.       , -0.       , -0.       ,  0.       ],
       [ 1.4185268,  0.       , -0.       , -0.       , -0.       ,
         0.       ,  0.       ,  0.       , -0.       ,  0.       ],
       [-2.4122837, -0.       , -0.       ,  0.       ,  0.       ,
        -0.       , -3.0036585, -0.       , -0.       ,  0.       ],
       [ 0.       ,  1.546996 ,  0.       ,  0.       ,  0.       ,
        -0.       , -0.       , -0.       , -0.       , -0.       ],
       [-0.       ,  0.       ,  2.1941278,  0.       , -0.       ,
         0.       ,  0.       ,  0.       ,  0.       , -0.       ],
       [ 0.       ,  0.       , -0.       ,  0.       , -0.       ,
        -0.       , -0.       , -0.       ,  0.       ,  0.       ]],
      dtype=float32)
 array([-0.21159773,  0.17281409, -0.09271315,  0.24390627,  0.03862855,
        0.21651407,  0.0157707 ,  0.7617332 , -0.75503963, -0.31749445],
      dtype=float32)]