FC Layer, 300 (Glorot Init.) Original_Weights[array([[ 0.,  0.,  0., ..., -0.,  0.,  0.],
       [ 0., -0., -0., ..., -0.,  0., -0.],
       [ 0.,  0., -0., ..., -0., -0., -0.],
       ...,
       [ 0.,  0., -0., ...,  0.,  0.,  0.],
       [ 0., -0., -0., ...,  0.,  0., -0.],
       [-0., -0., -0., ..., -0., -0., -0.]], dtype=float32)
 array([-0.12745823,  0.12495048,  0.21820979,  0.08091909,  0.        ,
       -0.17818739,  0.04601167,  0.09863718,  0.        ,  0.10638128,
        0.02314019, -0.10065387, -0.01299776, -0.16682862, -0.17032035,
       -0.06506502,  0.05792836,  0.10971706,  0.1205597 ,  0.0480788 ,
        0.03677017, -0.08267879, -0.14080419, -0.03756322,  0.20339566,
        0.04938854, -0.12836508, -0.23789768, -0.10700116,  0.14159411,
       -0.12070862, -0.00633417, -0.06737639, -0.00556657, -0.13128705,
        0.06889682,  0.        , -0.21394785,  0.12950979, -0.2688427 ,
        0.18001015, -0.07544377, -0.08502672, -0.11221305, -0.02952147,
        0.05935823,  0.11959106, -0.00670151, -0.06814937,  0.07046624,
       -0.10874567, -0.02393643, -0.04329808, -0.13595828, -0.06243589,
       -0.03298065,  0.09159428, -0.20805387,  0.09843578,  0.06742218,
        0.04347792, -0.07532631, -0.14227663,  0.21414037,  0.04929215,
        0.04453513, -0.14611845, -0.19278985,  0.08521387, -0.08863502,
       -0.06262301, -0.05966862,  0.        , -0.01210265,  0.06522377,
        0.04050282, -0.08118618,  0.05911636,  0.        , -0.01628855,
       -0.17029028,  0.05812728,  0.03514228,  0.09748649,  0.03411244,
        0.14490776,  0.02041095,  0.02056609,  0.03514208, -0.18576123,
        0.16199462, -0.06679988, -0.08676104,  0.200112  ,  0.01045082,
       -0.06498882, -0.10919638,  0.14570037,  0.07918369,  0.06981303,
       -0.07330132, -0.03320587, -0.23626342,  0.03443377,  0.02236338,
       -0.03521235, -0.06304002,  0.09439762, -0.07657629, -0.11353771,
       -0.17530672,  0.02451289,  0.01084758,  0.33342904,  0.        ,
       -0.0303009 , -0.02228942, -0.02301098,  0.07573744, -0.11620614,
        0.02571086, -0.2519652 , -0.05369828,  0.03502712,  0.        ,
        0.18707207, -0.2656163 ,  0.07773644, -0.09086733, -0.17887397,
       -0.03569843, -0.06805248,  0.0243094 , -0.01453773,  0.01336756,
        0.12428927,  0.19612461,  0.2139124 ,  0.1282059 ,  0.01192903,
        0.02420717,  0.02836577,  0.04347309,  0.        , -0.06325587,
        0.10537983, -0.13142341, -0.14231203,  0.10033977,  0.        ,
        0.        ,  0.11541329, -0.10102457,  0.25562185,  0.06268746,
        0.11894318,  0.01511022,  0.08898846, -0.19233826, -0.11405182,
        0.08672366,  0.0102386 ,  0.02251486,  0.10786278, -0.07725826,
       -0.09392372,  0.07878329,  0.        , -0.07444151,  0.04442254,
        0.08530615, -0.03202945, -0.11346145, -0.04528988,  0.01523767,
        0.03326094, -0.09650545, -0.0240809 ,  0.10353354, -0.04291098,
        0.07821644,  0.02243066, -0.10358465,  0.08075396, -0.19833793,
       -0.14095967,  0.07555956, -0.13786155,  0.11621118, -0.11895059,
        0.        ,  0.10219838,  0.17891043,  0.02262661,  0.1357382 ,
       -0.05494471,  0.01259878,  0.05049163,  0.25119004,  0.00242469,
        0.03124133, -0.0491963 , -0.06297015,  0.22002672, -0.19355172,
       -0.03802053,  0.03005327, -0.02010149,  0.07389546,  0.08170801,
       -0.02989734,  0.24035734,  0.04222085, -0.12136461, -0.14070025,
        0.24508423,  0.09470224, -0.00434697,  0.15959586, -0.00675148,
        0.01221535,  0.02197449, -0.11983456,  0.04845405,  0.06072037,
        0.05221804,  0.09899235,  0.04988536,  0.02930522,  0.07780628,
       -0.12879017, -0.01773426, -0.01814867, -0.02584264,  0.        ,
       -0.06421629,  0.12652469, -0.16492106, -0.01187219,  0.10396015,
       -0.00199616,  0.1298709 ,  0.2297345 , -0.21416426,  0.06203137,
        0.07397722,  0.20713998, -0.09123562, -0.0404422 ,  0.05362214,
        0.10029535,  0.20464772, -0.08174969, -0.11322486,  0.18953325,
        0.01520147, -0.06097756, -0.07951433,  0.10479806, -0.00943911,
        0.06185193, -0.23880832,  0.14196867, -0.16946872, -0.03609851,
       -0.09294529, -0.00403172, -0.01139078, -0.3413291 , -0.02964973,
       -0.16330598,  0.02455451, -0.10875724, -0.1560675 , -0.04178152,
       -0.03043415,  0.04358338, -0.04749188,  0.06670835, -0.12999617,
        0.08067975, -0.00956475, -0.01233235,  0.        , -0.00397702,
       -0.05677884,  0.06197489, -0.03822747,  0.21238314,  0.2562115 ,
        0.02725698,  0.03551746,  0.01323695,  0.06674519,  0.28089637,
        0.19773208,  0.11181405, -0.03602525, -0.26052386, -0.14048868],
      dtype=float32)]FC Layer, 100 (Glorot Init.) Original_Weights[array([[ 0.        , -0.        , -0.        , ..., -0.        ,
         0.        , -0.        ],
       [ 0.        , -0.        , -0.        , ..., -0.        ,
         0.        , -0.60484046],
       [-0.        ,  0.        ,  0.        , ...,  0.        ,
        -0.        , -0.        ],
       ...,
       [ 0.        ,  0.        ,  0.        , ..., -0.        ,
        -0.        ,  0.        ],
       [ 0.        , -0.        , -0.        , ..., -0.        ,
         0.        , -0.        ],
       [ 0.        ,  0.        ,  0.        , ...,  0.        ,
        -0.        ,  0.        ]], dtype=float32)
 array([ 0.01555664, -0.19988933,  0.10741893,  0.09640259, -0.0943738 ,
        0.29568803, -0.00956504,  0.00512244, -0.29320168,  0.23382552,
       -0.10331883, -0.1918667 ,  0.2188692 ,  0.21117423, -0.02765421,
        0.03116099,  0.0437169 , -0.02580064,  0.23426534,  0.15423752,
        0.00515069,  0.06305932,  0.19015232, -0.22437662,  0.20557718,
        0.20997034, -0.1931176 , -0.19546641, -0.17397292, -0.19233136,
        0.27001157, -0.09229367,  0.01340003, -0.25056952, -0.07260903,
       -0.22585241,  0.0854751 , -0.18543689,  0.02932626,  0.02740177,
       -0.26355127, -0.10948525,  0.08177077, -0.04103133, -0.11598869,
        0.04770606, -0.21692467,  0.21229297,  0.00039967,  0.12503546,
        0.        , -0.02972874,  0.03152451, -0.03255312,  0.14747372,
        0.11965533,  0.21604727,  0.19208461, -0.14821461,  0.10104699,
        0.22307725, -0.2413763 , -0.07782248, -0.01711795, -0.03248616,
       -0.1733161 ,  0.018828  ,  0.05414287,  0.01737235,  0.02248552,
        0.06497287,  0.02591695, -0.09311063, -0.21291254,  0.        ,
       -0.18858244, -0.05342484,  0.1246933 , -0.27969924,  0.00356717,
        0.03781546, -0.39111245, -0.07892382,  0.09229424, -0.05893164,
        0.01115427, -0.00984445, -0.10244569, -0.2576874 , -0.04017527,
       -0.11635813, -0.08224635, -0.2299061 ,  0.03321711, -0.08701777,
       -0.11503425,  0.24044545,  0.18932906, -0.00262273, -0.10481022],
      dtype=float32)]FC Layer, 10 (Softmax) Original_Weights[array([[ 0.        , -0.        , -0.        ,  0.        , -0.925189  ,
        -0.        , -0.        , -0.        , -0.        ,  0.        ],
       [-0.        , -0.        , -1.1034212 ,  0.        , -0.        ,
        -0.        , -0.        ,  0.        ,  0.        ,  0.        ],
       [ 0.        ,  0.        ,  0.        ,  0.        ,  1.0897315 ,
        -0.        , -0.        ,  1.2070982 , -1.1164279 ,  0.        ],
       [-0.        ,  0.        ,  1.2595514 , -0.        ,  0.        ,
        -0.        ,  0.        , -0.        , -0.        ,  0.        ],
       [ 0.        ,  0.        , -0.        ,  0.        ,  0.        ,
        -0.        , -0.        ,  0.        , -0.        ,  1.3279244 ],
       [-0.        , -0.        ,  0.        , -0.        ,  0.        ,
         1.1769196 , -1.3783948 , -0.        ,  0.        , -0.        ],
       [-0.        ,  0.        , -0.        , -1.5585467 , -0.        ,
         1.1459543 ,  0.        , -1.1279458 ,  0.        , -0.        ],
       [-1.098334  , -0.        ,  0.        , -0.        ,  0.        ,
         0.        ,  0.        , -1.2846274 ,  0.        , -0.        ],
       [-0.        , -0.        , -0.9300773 ,  1.1565562 , -0.        ,
         0.        ,  1.3008047 , -0.        ,  1.0642648 , -0.        ],
       [-0.        ,  1.4192317 ,  0.        ,  0.        , -0.        ,
        -0.        ,  1.368272  ,  0.        , -0.        ,  0.        ],
       [-0.        ,  0.        ,  0.        , -0.        , -0.        ,
        -1.6120434 , -1.7298588 , -0.        ,  0.        ,  0.        ],
       [-0.        , -1.3055816 , -0.        ,  0.        ,  0.        ,
        -0.        , -0.        , -0.        ,  0.        ,  0.        ],
       [-1.0369806 , -0.        ,  0.        , -0.        ,  0.        ,
         1.1566013 ,  0.        , -0.        , -1.429538  , -0.        ],
       [-0.        , -0.        ,  0.        ,  1.4988152 , -0.        ,
         0.        , -0.        ,  0.        , -1.5101213 ,  0.        ],
       [-0.        ,  0.        ,  1.2450446 ,  0.        ,  1.0709187 ,
        -0.        ,  0.        ,  0.        ,  0.        , -0.        ],
       [-0.        ,  0.        ,  0.        , -0.        ,  0.        ,
        -1.328269  ,  0.        , -0.        ,  0.        ,  0.        ],
       [-0.        , -0.        ,  0.        , -1.2792058 ,  0.        ,
        -0.9446556 ,  0.        , -0.        ,  0.        , -0.        ],
       [-0.        , -0.        , -0.        ,  1.0839827 , -1.0215381 ,
        -0.9816719 ,  0.        , -0.        ,  0.        ,  1.2020262 ],
       [ 0.        , -0.        , -0.        ,  0.        ,  0.        ,
         0.        ,  0.        ,  1.0526799 , -1.1780932 , -0.        ],
       [ 1.0274764 , -0.        , -0.        ,  0.        , -0.        ,
         0.        ,  1.0626043 ,  1.0656627 , -0.95112944, -0.        ],
       [-1.0109123 , -0.        , -1.2794334 , -0.        ,  0.        ,
         0.        , -0.        , -0.        ,  0.        , -0.        ],
       [-0.        ,  0.        , -1.233156  ,  0.        ,  0.        ,
        -0.        ,  1.3757821 , -0.        ,  0.        , -0.        ],
       [-1.135679  ,  0.        ,  1.0612729 ,  0.        , -0.        ,
        -0.        , -0.        ,  0.        , -0.        ,  0.        ],
       [ 0.        , -1.6396614 , -0.        ,  0.        ,  1.0398723 ,
         0.        ,  0.        ,  0.        , -0.        ,  1.0417857 ],
       [ 0.        ,  1.0809795 ,  0.        , -0.        ,  0.        ,
         0.        , -0.        ,  1.4196237 , -0.        , -0.9578219 ],
       [-1.370554  , -0.        ,  0.        ,  0.        ,  0.        ,
        -0.        , -1.2929887 , -0.        , -1.0736713 ,  1.036521  ],
       [ 0.        ,  0.        , -0.        ,  0.        ,  1.0877244 ,
        -0.        ,  0.        , -1.1359426 ,  0.        , -0.        ],
       [ 0.        , -1.1674253 , -0.9916182 ,  0.        ,  0.        ,
        -0.        , -0.        , -0.        ,  1.1500473 , -0.        ],
       [-0.        , -0.        ,  0.        , -0.9142322 ,  1.188409  ,
        -0.        , -0.        , -0.        , -0.        ,  0.        ],
       [-0.        , -0.        ,  0.        , -0.        , -0.        ,
         0.        , -0.        , -0.        ,  1.1268065 ,  0.        ],
       [ 0.        , -0.        , -0.        ,  0.        , -0.        ,
        -0.        , -0.        ,  1.4480507 , -1.1515565 , -0.        ],
       [ 0.        ,  0.        ,  0.        , -1.1438581 ,  1.1299875 ,
        -0.        , -0.        , -0.        , -0.        ,  1.600156  ],
       [-0.        , -1.2801528 , -1.3736875 ,  0.9830264 ,  0.        ,
        -0.        , -0.        , -0.        ,  0.        ,  0.        ],
       [-0.        , -1.0386966 ,  0.9952994 ,  0.        ,  0.        ,
        -1.3901255 , -0.        , -0.        ,  1.2828789 , -0.        ],
       [ 1.0570924 , -0.        ,  0.        , -0.        , -0.        ,
         0.        ,  0.        ,  0.        , -0.        ,  0.        ],
       [ 1.169117  , -0.        ,  0.        , -0.        , -0.        ,
        -1.0641336 ,  1.4373287 ,  0.        , -0.        ,  0.        ],
       [ 0.9602088 ,  0.        , -0.        , -0.9266172 ,  0.        ,
        -0.        , -0.        ,  0.        ,  0.        , -0.        ],
       [ 1.0042318 , -0.        ,  0.        , -0.        , -0.        ,
         0.        ,  1.2139277 ,  0.        , -0.        ,  0.        ],
       [-0.        ,  1.1911207 ,  0.        , -0.        , -0.        ,
        -0.        , -0.        ,  0.        ,  0.        , -0.        ],
       [ 0.        ,  1.6592962 , -1.2372612 ,  0.        ,  0.        ,
        -0.        , -0.        ,  0.        , -0.        ,  0.        ],
       [-0.        ,  0.        ,  0.        ,  0.        ,  0.        ,
        -1.1740167 , -1.3131101 , -0.        ,  0.        , -0.        ],
       [ 0.        ,  0.        , -0.        ,  0.        ,  1.0738668 ,
        -0.        , -0.        ,  0.        , -0.        , -0.        ],
       [ 0.        , -0.        ,  1.4370961 , -0.        , -0.        ,
         0.        ,  0.        ,  0.        , -0.        ,  0.        ],
       [-0.        , -0.        ,  0.        , -0.        , -1.0130235 ,
        -0.        , -0.        ,  0.        ,  0.        ,  1.2986133 ],
       [ 0.9367708 ,  0.        ,  0.        , -0.        , -1.387842  ,
        -0.        ,  0.        , -0.        ,  0.        ,  1.1227705 ],
       [-0.        , -0.        ,  0.        ,  0.        ,  0.        ,
        -1.0087037 , -0.        , -0.        ,  0.        , -0.        ],
       [-0.        , -0.        , -1.2096229 , -1.03097   ,  0.        ,
        -0.        , -0.        ,  0.        , -0.        ,  1.4326572 ],
       [-0.        , -0.        ,  0.87621087, -1.0709728 , -0.        ,
         0.        ,  0.        , -0.        , -1.1318281 ,  0.        ],
       [-1.2671896 ,  0.        ,  0.        , -0.        , -0.        ,
        -0.        ,  0.        ,  0.        ,  0.9896696 , -1.1754065 ],
       [-0.        ,  0.        ,  0.        , -0.        , -1.0271904 ,
        -0.        , -0.        ,  0.        ,  0.        ,  0.        ],
       [ 0.        ,  0.        , -0.        , -0.        ,  0.        ,
         0.        , -0.        ,  0.        ,  0.        , -0.        ],
       [ 0.        , -0.        ,  1.206731  ,  0.        , -1.2815368 ,
        -0.        , -0.        ,  0.        ,  1.1171861 , -0.        ],
       [ 0.        , -0.        , -1.1250278 ,  0.        , -0.        ,
         0.        , -0.        ,  0.        , -0.        ,  0.        ],
       [-0.        ,  0.        ,  1.1364383 ,  0.        , -0.        ,
        -0.9964016 ,  0.        ,  0.        ,  0.        , -0.        ],
       [ 0.        , -0.        , -0.        ,  0.        , -1.5619379 ,
        -0.        , -0.        ,  0.        , -0.        ,  0.        ],
       [ 0.        , -0.        ,  0.        , -0.        , -0.        ,
         1.7396804 ,  1.2339349 ,  0.        , -0.        , -0.        ],
       [ 0.        ,  1.8890473 , -0.        ,  0.        ,  0.        ,
        -0.        , -0.        ,  0.        , -0.        , -0.        ],
       [ 0.        , -0.        , -0.        , -0.        ,  0.        ,
         0.        ,  0.        ,  0.        , -0.        ,  0.        ],
       [-0.        ,  0.        ,  0.        , -0.        ,  1.0249991 ,
        -0.        , -0.        , -1.4467316 ,  0.        ,  0.        ],
       [-0.        , -0.        ,  0.        , -0.        , -0.        ,
         0.        ,  0.        , -0.        ,  0.        , -0.        ],
       [ 0.        , -0.        , -0.        ,  0.        , -0.9439045 ,
         1.133514  ,  1.2419078 ,  0.        , -0.        ,  0.        ],
       [ 0.        , -0.        , -1.2061973 , -0.        ,  1.3668474 ,
        -0.        , -0.        , -0.        , -0.        ,  0.        ],
       [-0.        , -0.        ,  1.0483108 , -0.        , -0.        ,
         0.        ,  0.        , -0.        ,  0.        , -1.2166177 ],
       [ 0.98821926,  0.        ,  0.        , -0.        ,  0.        ,
        -0.        ,  0.        , -0.        , -0.        ,  0.        ],
       [-0.        ,  0.        ,  1.1945398 , -0.        , -0.        ,
         0.        ,  0.        ,  0.        , -0.        ,  0.        ],
       [-0.        ,  0.        , -0.        ,  0.        ,  0.        ,
        -0.9531584 ,  1.4154973 ,  0.        ,  0.        , -0.        ],
       [ 0.        ,  0.        ,  0.9943473 , -0.        , -0.        ,
         0.        ,  0.        , -0.9605342 , -0.        ,  0.        ],
       [-0.        , -0.        ,  0.        , -0.        , -0.        ,
         0.95430917,  0.        , -0.        ,  0.        ,  0.        ],
       [-0.        ,  0.        ,  0.        , -0.        , -1.2524679 ,
        -0.        , -0.        , -0.        ,  0.        ,  1.14262   ],
       [ 0.8513449 , -0.        ,  0.        , -0.        , -0.        ,
         0.        , -0.        ,  1.4093539 ,  0.        , -1.1814836 ],
       [ 0.        ,  0.        , -0.        , -1.0133799 , -0.        ,
         0.        ,  1.6459762 , -1.264925  , -0.        , -0.        ],
       [-0.        , -0.        ,  0.        , -0.        ,  0.        ,
         1.197448  , -0.        , -1.4914361 ,  0.        , -0.        ],
       [ 1.5237439 ,  0.        ,  0.        , -0.        ,  0.        ,
        -0.        , -0.8679062 , -0.        ,  0.        ,  0.        ],
       [-0.        , -0.        ,  0.        ,  1.177826  , -0.        ,
        -1.1913723 , -0.9938847 , -0.        , -0.        , -0.        ],
       [-0.        ,  0.        , -0.        ,  0.        , -0.        ,
        -0.        ,  0.        , -0.        , -0.        ,  0.        ],
       [ 1.9903443 ,  0.        , -0.        ,  0.        , -0.        ,
        -0.        ,  1.8286768 ,  0.        , -0.        , -0.        ],
       [-0.        ,  0.        , -0.        , -1.3215238 ,  0.        ,
        -1.2850556 ,  0.        , -0.        ,  1.2839311 ,  0.        ],
       [ 1.1477476 , -0.        ,  1.2025455 ,  0.        , -0.        ,
        -0.        , -0.        ,  0.        , -1.4230183 , -0.        ],
       [-0.        , -1.319836  ,  0.        , -0.        , -1.3516202 ,
        -0.        , -0.        ,  0.        ,  1.0245817 ,  0.        ],
       [-0.        ,  1.3391804 ,  0.        , -0.        ,  0.98666507,
        -1.0333025 ,  0.        , -0.        ,  0.        , -0.        ],
       [ 0.        ,  0.        ,  0.        ,  0.        ,  0.        ,
        -1.1082208 , -0.        ,  1.195751  , -0.        ,  0.        ],
       [ 0.        ,  0.        , -0.        ,  0.        , -0.        ,
        -0.        , -0.        ,  0.        ,  0.9231455 , -0.        ],
       [-1.3080707 , -0.        , -0.        ,  1.3240075 ,  0.        ,
         0.        ,  0.9352674 ,  0.        ,  0.        , -0.9969038 ],
       [ 0.        ,  0.        , -0.        ,  0.        ,  0.        ,
         0.98728037, -0.85682386, -0.        , -0.        ,  0.        ],
       [-0.        , -0.        ,  0.        ,  0.9377575 , -0.        ,
         0.        ,  1.2414055 ,  0.        ,  0.        , -0.        ],
       [ 0.        ,  0.        , -0.        , -0.        , -0.        ,
        -0.9133129 , -0.        , -0.        ,  0.        ,  0.        ],
       [ 0.        , -0.        , -0.        ,  1.3842845 ,  0.        ,
        -1.0405906 , -0.        ,  0.        , -0.        , -0.        ],
       [-0.        ,  0.        , -0.        , -0.9910792 , -0.        ,
         0.        ,  0.        , -0.        ,  1.2127312 , -0.        ],
       [-0.        , -1.266143  ,  0.        ,  1.1754584 ,  0.        ,
         0.        ,  0.        , -0.        ,  0.        , -0.        ],
       [ 0.        , -0.        , -1.0948786 , -0.        ,  0.        ,
         0.        ,  0.        ,  0.        ,  0.        ,  1.3050929 ],
       [-0.        , -0.        ,  0.        , -0.        , -0.        ,
         0.        ,  0.        , -1.5506077 ,  0.        , -0.        ],
       [ 1.0272093 , -0.        ,  1.1849072 , -0.        , -0.        ,
        -0.        , -0.        ,  0.        ,  0.        , -1.1163337 ],
       [-0.        , -1.0006562 ,  0.        ,  0.        , -1.3241878 ,
        -0.        , -0.        , -0.        ,  0.        ,  1.3400129 ],
       [-0.        ,  0.        ,  1.1940671 , -0.        , -0.        ,
         0.        ,  0.        , -0.        ,  0.        ,  0.        ],
       [-0.        , -0.        ,  0.        , -0.        , -1.4774792 ,
        -0.        , -1.1233603 , -0.        ,  0.        ,  1.1450509 ],
       [ 1.5194757 ,  0.        ,  0.        ,  0.        ,  0.        ,
        -0.        , -0.        ,  0.        ,  0.        ,  1.1678953 ],
       [-1.1552312 , -0.        , -0.9746414 , -0.        ,  0.        ,
         0.        , -1.0567423 , -0.        ,  0.        ,  0.        ],
       [ 0.        ,  1.2977699 , -0.        ,  0.        ,  0.98910016,
        -0.        ,  0.        ,  0.        , -0.        ,  0.        ],
       [ 0.        , -0.        ,  1.2988547 , -0.        , -0.        ,
         0.        ,  0.        ,  0.        , -0.        ,  0.        ],
       [ 0.        , -0.        , -0.        ,  1.4010212 , -0.        ,
         0.        ,  0.        , -1.144993  , -0.        , -0.        ]],
      dtype=float32)
 array([ 0.00899441,  0.37216362,  0.13924518, -0.10397232, -0.11830781,
        0.15116328, -0.10048996,  0.2715899 , -0.44095898, -0.17713246],
      dtype=float32)]