FC Layer, 300 (Glorot Init.) Original_Weights[array([[ 0.,  0.,  0., ..., -0.,  0.,  0.],
       [ 0., -0., -0., ..., -0.,  0., -0.],
       [ 0.,  0., -0., ..., -0., -0., -0.],
       ...,
       [ 0.,  0., -0., ...,  0.,  0.,  0.],
       [ 0., -0., -0., ...,  0.,  0., -0.],
       [-0., -0., -0., ..., -0., -0., -0.]], dtype=float32)
 array([-0.04680779,  0.07156674,  0.18338732,  0.14496517,  0.        ,
       -0.21600732, -0.00617255, -0.04638639,  0.        ,  0.09697061,
        0.0248796 , -0.13856341,  0.06453962, -0.11225279, -0.2376887 ,
        0.07932036, -0.02904231,  0.        ,  0.04445324,  0.18433365,
        0.00387677, -0.26885659,  0.        , -0.04222045,  0.05362722,
        0.11304149, -0.08324318, -0.2859268 ,  0.        ,  0.15773384,
        0.00442133, -0.01811392,  0.07042103,  0.01236477,  0.02922049,
       -0.01309128,  0.        , -0.11047309,  0.17688519, -0.38021258,
        0.1599905 ,  0.        ,  0.04393837, -0.12175288, -0.08835625,
        0.3602543 ,  0.16596463,  0.14131118, -0.00561866,  0.13204585,
       -0.07278024, -0.17966238, -0.12776428, -0.04061539, -0.00387976,
        0.        ,  0.10255231, -0.331603  ,  0.07854906,  0.14954895,
       -0.06348048,  0.02155871, -0.07771786,  0.2059575 , -0.04894317,
        0.18587384,  0.        , -0.23908916,  0.13926123,  0.0278149 ,
       -0.06050701, -0.03373329,  0.        ,  0.10402315, -0.01610913,
       -0.08175584,  0.        ,  0.18316384,  0.        , -0.09200001,
       -0.1310924 ,  0.02295921,  0.17610364,  0.0817861 ,  0.06257118,
        0.18166962,  0.03518026,  0.03228739,  0.09838033, -0.18429986,
        0.15634716,  0.05563594, -0.2542168 ,  0.20707963, -0.09384534,
       -0.12642877, -0.15205239, -0.07486533,  0.06599049,  0.18825337,
       -0.09458581, -0.03856166, -0.25128144, -0.0277155 ,  0.05772775,
       -0.07106005, -0.16594346,  0.05387023,  0.1119397 , -0.18532747,
       -0.176586  , -0.01965659,  0.0743068 ,  0.0340185 ,  0.        ,
        0.06818856, -0.00377753, -0.08299039,  0.02755141, -0.04147607,
        0.01957366, -0.34805763, -0.07709129,  0.08394092,  0.        ,
        0.28078017,  0.03463978,  0.02568058, -0.184446  , -0.16644076,
       -0.0371722 ,  0.02606833, -0.02070993,  0.        ,  0.04194969,
        0.21593179,  0.2433725 ,  0.271822  ,  0.21458885, -0.02411753,
       -0.1245798 ,  0.03383003,  0.02008798,  0.        , -0.14677927,
        0.05905232,  0.09878066, -0.13868743, -0.0796231 ,  0.        ,
        0.        ,  0.20590465,  0.08373822,  0.12700409,  0.        ,
        0.01010829,  0.01269491, -0.0186345 , -0.297091  , -0.20125648,
        0.        ,  0.00769771,  0.05693569,  0.107176  ,  0.        ,
       -0.1167032 ,  0.05826981,  0.        , -0.11332928,  0.04285844,
       -0.01587186, -0.13764605, -0.11268369,  0.        ,  0.11939719,
       -0.31037617, -0.02658927, -0.02508061,  0.1838434 ,  0.03387621,
        0.26497936, -0.05636851, -0.05565823,  0.13702214, -0.27275494,
       -0.02441033,  0.04256416, -0.24177213,  0.15929379, -0.12721948,
        0.        ,  0.22987886,  0.21104132, -0.19257562,  0.        ,
        0.01646984,  0.16120371,  0.15993235,  0.41164383,  0.06461694,
        0.02815001, -0.00395009,  0.        ,  0.20280185, -0.12231648,
       -0.08146665,  0.11434683, -0.08223174,  0.13674101,  0.01895572,
       -0.08005616,  0.2466079 ,  0.23343135, -0.2699776 , -0.08498999,
        0.        ,  0.17975293,  0.06180556,  0.12379321,  0.03117453,
        0.00673211,  0.03276224, -0.06156601,  0.07878628,  0.03983306,
        0.05394789,  0.22209217,  0.11536102,  0.01200312,  0.14805624,
        0.00831916,  0.0523969 ,  0.        ,  0.07634924,  0.        ,
       -0.12775558, -0.08977672, -0.10780223, -0.01921061, -0.07297382,
        0.00320386,  0.11747528,  0.2582779 , -0.19484314,  0.05576789,
        0.19516681,  0.17128433, -0.2515285 , -0.06001265,  0.07833047,
        0.1200095 ,  0.        , -0.05815298, -0.07567228,  0.13252857,
        0.        , -0.0938629 ,  0.03093511, -0.02543876, -0.01716885,
        0.12447527, -0.36232346,  0.10264697, -0.17304428,  0.01833541,
        0.        ,  0.03110754, -0.04797991, -0.2507934 ,  0.        ,
       -0.11323176, -0.09661888,  0.        , -0.01607814,  0.03718796,
        0.03438543,  0.12926865,  0.1105228 ,  0.01051728, -0.05317599,
        0.07395764,  0.04969402,  0.01950665,  0.        ,  0.0010011 ,
       -0.05526701,  0.05498335,  0.20977524,  0.        ,  0.3956198 ,
       -0.1338203 ,  0.08321257,  0.03707858,  0.06122226,  0.13775508,
        0.10433006,  0.        , -0.20642285, -0.30091712, -0.14284775],
      dtype=float32)]FC Layer, 100 (Glorot Init.) Original_Weights[array([[-0.       ,  0.       ,  0.       , ...,  0.       , -0.       ,
        -0.       ],
       [ 0.       , -0.       , -0.       , ..., -0.       , -0.       ,
        -0.6695127],
       [-0.       ,  0.       , -0.       , ...,  0.       , -0.       ,
         0.       ],
       ...,
       [ 0.       , -0.       , -0.       , ..., -0.       ,  0.       ,
        -0.       ],
       [ 0.       ,  0.       , -0.       , ...,  0.       , -0.       ,
         0.       ],
       [ 0.       , -0.       ,  0.       , ..., -0.       ,  0.       ,
        -0.       ]], dtype=float32)
 array([ 0.00000000e+00, -1.08575985e-01,  1.31333083e-01, -2.14975085e-02,
       -1.22908078e-01,  1.21632122e-01, -1.17562778e-01, -2.51474604e-02,
       -2.41798803e-01,  7.18042301e-03, -9.72037092e-02, -2.95343876e-01,
        2.56274879e-01,  2.68562019e-01,  6.28332258e-04, -7.19906017e-02,
       -1.23315126e-01, -7.61576742e-02,  2.02905729e-01,  1.38158813e-01,
       -4.14209217e-02, -2.78991070e-02,  2.10545987e-01, -2.17198759e-01,
        2.44250759e-01,  3.35216910e-01, -2.29652047e-01, -3.33633304e-01,
        6.07402958e-02, -3.19105476e-01,  1.70513257e-01, -1.11939967e-01,
       -1.19667478e-01, -2.37138107e-01,  1.74009621e-01, -6.44882470e-02,
        1.24411374e-01, -1.44962683e-01,  6.45111725e-02,  3.13617624e-02,
        1.70239876e-03, -8.14692825e-02,  5.99818304e-02, -1.78422968e-04,
       -7.26046562e-02,  1.91000123e-02, -3.47713828e-01,  3.02409410e-01,
       -9.09498706e-02,  1.59607604e-01,  0.00000000e+00, -2.82232300e-03,
        4.27439697e-02, -3.95833179e-02,  1.36509025e-02,  3.09751332e-01,
        2.86008805e-01,  0.00000000e+00, -1.04504056e-01,  0.00000000e+00,
        2.67717659e-01, -7.45347142e-02,  4.49985527e-02,  2.74770427e-02,
       -2.71482486e-02, -7.80379698e-02,  1.48980230e-01,  0.00000000e+00,
       -7.34233856e-02,  1.51224926e-01,  9.13511664e-02,  5.49476407e-02,
        2.00981665e-02, -1.80338174e-01,  0.00000000e+00, -3.01231723e-02,
       -4.98117181e-03,  1.06110245e-01, -2.11726472e-01, -4.19172039e-03,
       -7.33776391e-02,  0.00000000e+00,  6.41813362e-03, -4.58770804e-02,
       -9.33119357e-02,  0.00000000e+00, -3.29479314e-02,  4.57497826e-03,
       -3.25529307e-01, -7.36543015e-02, -5.66393435e-02, -5.00250282e-03,
       -2.28563145e-01,  4.11454290e-02, -8.73051137e-02, -1.32336661e-01,
        2.94385582e-01,  1.36725724e-01, -7.87733961e-03, -1.55152559e-01],
      dtype=float32)]FC Layer, 10 (Softmax) Original_Weights[array([[ 0.       , -0.       ,  0.       , -0.       , -0.       ,
        -0.       ,  0.       ,  0.       ,  0.       ,  0.       ],
       [-0.       , -0.       , -1.2251492, -0.       , -0.       ,
         0.       , -0.       ,  0.       ,  0.       , -0.       ],
       [-0.       , -0.       ,  0.       , -0.       ,  1.281249 ,
         0.       ,  0.       ,  1.1667624, -1.5263382,  0.       ],
       [-0.       ,  0.       ,  1.2381159, -0.       , -0.       ,
         0.       , -0.       , -0.       , -0.       ,  0.       ],
       [-0.       ,  0.       ,  0.       , -0.       ,  0.       ,
         0.       ,  0.       , -0.       ,  0.       ,  1.3109217],
       [-0.       , -0.       ,  0.       ,  0.       ,  0.       ,
         1.2492311, -1.5633361, -0.       , -0.       , -0.       ],
       [-0.       , -0.       ,  0.       , -1.478877 , -0.       ,
        -0.       , -0.       , -1.1471388, -0.       ,  0.       ],
       [-0.       ,  0.       , -0.       ,  0.       ,  0.       ,
        -0.       ,  0.       , -1.6096032, -0.       ,  0.       ],
       [-0.       , -0.       , -1.1227854, -0.       ,  0.       ,
        -0.       ,  0.       ,  0.       ,  0.9785461, -0.       ],
       [ 0.       ,  1.3966128, -0.       , -0.       , -0.       ,
         0.       ,  1.6870434,  0.       , -0.       ,  0.       ],
       [ 0.       ,  0.       ,  0.       , -0.       ,  0.       ,
        -1.4414773, -1.8739141, -0.       , -0.       ,  0.       ],
       [ 0.       , -1.4408916,  0.       , -0.       , -0.       ,
        -0.       , -0.       , -0.       ,  0.       ,  0.       ],
       [-1.2589905,  0.       , -0.       ,  0.       ,  0.       ,
         1.2729583, -0.       , -0.       , -1.2881225,  0.       ],
       [ 0.       , -0.       ,  0.       ,  1.789056 , -0.       ,
         0.       , -0.       ,  0.       , -1.6436903, -0.       ],
       [-0.       , -0.       ,  0.       ,  0.       ,  1.6452515,
         0.       ,  0.       ,  0.       , -0.       , -0.       ],
       [ 0.       ,  0.       , -0.       ,  0.       ,  0.       ,
        -1.4009391, -0.       , -0.       , -0.       , -0.       ],
       [ 0.       , -0.       , -0.       , -1.3039321,  0.       ,
        -0.       , -0.       , -0.       , -0.       , -0.       ],
       [-0.       ,  0.       ,  0.       ,  1.1239636, -1.0240818,
        -1.2518857,  0.       , -0.       , -0.       ,  1.1411939],
       [-0.       ,  0.       , -0.       ,  0.       , -0.       ,
        -0.       ,  0.       ,  1.0813063, -1.4715732, -0.       ],
       [ 0.       , -0.       , -0.       ,  0.       , -0.       ,
        -0.       , -0.       ,  0.       ,  0.       , -0.       ],
       [-1.1953841,  0.       , -1.1520643,  0.       ,  0.       ,
        -0.       ,  0.       , -0.       , -0.       ,  0.       ],
       [ 0.       ,  0.       , -1.4306862,  0.       ,  0.       ,
        -0.       ,  1.5470192, -0.       , -0.       , -0.       ],
       [-0.       ,  0.       ,  1.0801687,  0.       ,  0.       ,
         0.       , -0.       , -0.       , -0.       ,  0.       ],
       [ 0.       , -1.6273232, -0.       , -0.       ,  1.2018461,
        -0.       , -0.       ,  0.       ,  0.       ,  1.0551801],
       [ 0.       ,  0.       ,  0.       ,  0.       ,  0.       ,
        -0.       ,  0.       ,  1.4824569, -0.       , -1.2135627],
       [-1.5813767,  0.       ,  0.       , -0.       ,  0.       ,
        -0.       , -1.4050579, -0.       , -1.1620783,  1.193149 ],
       [ 0.       , -0.       , -0.       , -0.       ,  1.4752314,
         0.       , -0.       , -1.3763994,  0.       ,  0.       ],
       [ 0.       , -1.2720792,  0.       ,  0.       , -0.       ,
         0.       , -0.       ,  0.       ,  1.2827405, -0.       ],
       [ 0.       , -0.       , -0.       , -1.1888008,  1.0952455,
         0.       , -0.       ,  0.       ,  0.       , -0.       ],
       [-0.       , -0.       ,  0.       ,  0.       , -0.       ,
         0.       ,  0.       ,  0.       ,  0.       ,  0.       ],
       [-0.       , -0.       ,  0.       , -0.       , -0.       ,
         0.       ,  0.       ,  1.541234 , -1.3330448, -0.       ],
       [ 0.       , -0.       ,  0.       , -1.5034766,  1.448391 ,
         0.       , -0.       ,  0.       ,  0.       ,  1.5415757],
       [ 0.       , -1.5555979, -1.7339879,  1.2172142, -0.       ,
        -0.       , -0.       ,  0.       , -0.       , -0.       ],
       [ 0.       , -1.081962 , -0.       ,  0.       , -0.       ,
        -1.7017845,  0.       , -0.       ,  1.0014755,  0.       ],
       [ 1.414774 , -0.       , -0.       ,  0.       , -0.       ,
         0.       , -0.       ,  0.       ,  0.       , -0.       ],
       [ 1.7379454, -0.       , -0.       , -0.       ,  0.       ,
        -1.0176582,  1.2102983,  0.       , -0.       , -0.       ],
       [ 0.       , -0.       , -0.       , -1.3008279, -0.       ,
        -0.       , -0.       ,  0.       ,  0.       , -0.       ],
       [ 1.195216 , -0.       , -0.       ,  0.       , -0.       ,
         0.       ,  1.4225256,  0.       , -0.       , -0.       ],
       [-0.       ,  1.5570029,  0.       ,  0.       , -0.       ,
         0.       ,  0.       , -0.       , -0.       , -0.       ],
       [-0.       ,  1.9683894, -1.2274863, -0.       ,  0.       ,
         0.       , -0.       , -0.       ,  0.       ,  0.       ],
       [ 0.       ,  0.       , -0.       ,  0.       ,  0.       ,
        -1.2912441, -1.5062525, -0.       , -0.       ,  0.       ],
       [-0.       , -0.       ,  0.       , -0.       ,  1.0004184,
         0.       ,  0.       ,  0.       ,  0.       , -0.       ],
       [-0.       , -0.       ,  1.790918 ,  0.       , -0.       ,
         0.       ,  0.       ,  0.       ,  0.       , -0.       ],
       [-0.       , -0.       ,  0.       , -0.       ,  0.       ,
         0.       ,  0.       , -0.       , -0.       ,  1.5811058],
       [ 1.0889994, -0.       ,  0.       , -0.       , -1.6760138,
        -0.       , -0.       , -0.       ,  0.       ,  0.       ],
       [-0.       ,  0.       ,  0.       , -0.       ,  0.       ,
        -1.3338416,  0.       , -0.       , -0.       ,  0.       ],
       [ 0.       ,  0.       , -1.187268 , -1.2010319,  0.       ,
         0.       , -0.       , -0.       , -0.       ,  1.3623532],
       [ 0.       ,  0.       , -0.       , -1.231355 , -0.       ,
         0.       , -0.       , -0.       , -1.4649032, -0.       ],
       [-0.       ,  0.       ,  0.       ,  0.       ,  0.       ,
         0.       ,  0.       , -0.       ,  1.3227335, -1.6745661],
       [-0.       , -0.       ,  0.       , -0.       , -0.       ,
         0.       ,  0.       ,  0.       , -0.       ,  0.       ],
       [ 0.       ,  0.       , -0.       , -0.       ,  0.       ,
         0.       , -0.       ,  0.       ,  0.       , -0.       ],
       [-0.       , -0.       ,  1.2152718,  0.       , -1.2444358,
         0.       ,  0.       ,  0.       ,  1.160165 , -0.       ],
       [-0.       , -0.       , -1.315416 , -0.       ,  0.       ,
         0.       ,  0.       ,  0.       ,  0.       , -0.       ],
       [-0.       , -0.       ,  1.420661 ,  0.       ,  0.       ,
        -1.1963464,  0.       , -0.       ,  0.       , -0.       ],
       [-0.       , -0.       , -0.       ,  0.       , -1.8743601,
        -0.       ,  0.       ,  0.       ,  0.       ,  0.       ],
       [ 0.       , -0.       ,  0.       , -0.       , -0.       ,
         1.7413453,  1.2914581,  0.       ,  0.       ,  0.       ],
       [-0.       ,  1.8641393,  0.       , -0.       ,  0.       ,
         0.       ,  0.       ,  0.       , -0.       , -0.       ],
       [-0.       ,  0.       , -0.       , -0.       ,  0.       ,
        -0.       ,  0.       ,  0.       , -0.       ,  0.       ],
       [ 0.       , -0.       , -0.       ,  0.       ,  0.       ,
        -0.       , -0.       , -1.5475688,  0.       , -0.       ],
       [ 0.       , -0.       ,  0.       ,  0.       , -0.       ,
         0.       , -0.       , -0.       ,  0.       , -0.       ],
       [-0.       ,  0.       , -0.       , -0.       , -0.       ,
         1.4549049,  1.1311884,  0.       ,  0.       , -0.       ],
       [-0.       ,  0.       , -1.2333105, -0.       ,  1.7436205,
         0.       ,  0.       , -0.       ,  0.       ,  0.       ],
       [ 0.       ,  0.       ,  1.2156079, -0.       , -0.       ,
        -0.       , -0.       , -0.       , -0.       , -1.1361605],
       [ 1.3769034,  0.       ,  0.       , -0.       , -0.       ,
        -0.       , -0.       ,  0.       ,  0.       , -0.       ],
       [ 0.       , -0.       ,  1.52135  ,  0.       ,  0.       ,
         0.       , -0.       ,  0.       , -0.       , -0.       ],
       [ 0.       , -0.       ,  0.       , -0.       ,  0.       ,
        -0.       ,  1.4500933,  0.       , -0.       ,  0.       ],
       [ 0.       ,  0.       , -0.       ,  0.       ,  0.       ,
        -0.       , -0.       , -0.       , -0.       ,  0.       ],
       [-0.       , -0.       ,  0.       ,  0.       , -0.       ,
         0.       , -0.       , -0.       , -0.       ,  0.       ],
       [ 0.       , -0.       ,  0.       ,  0.       , -1.3108065,
         0.       , -0.       ,  0.       ,  0.       ,  1.4034519],
       [-0.       ,  0.       ,  0.       , -0.       , -0.       ,
         0.       , -0.       ,  1.4996859,  0.       , -1.2508117],
       [ 0.       , -0.       , -0.       , -0.       , -0.       ,
         0.       ,  1.8886924, -1.2083929, -0.       ,  0.       ],
       [-0.       , -0.       , -0.       ,  0.       ,  0.       ,
         1.4907072, -0.       , -1.5668409, -0.       , -0.       ],
       [ 1.3988256, -0.       ,  0.       , -0.       , -0.       ,
         0.       , -0.       ,  0.       ,  0.       , -0.       ],
       [ 0.       ,  0.       , -0.       ,  1.1022509,  0.       ,
        -1.5047333, -1.737307 , -0.       , -0.       , -0.       ],
       [-0.       ,  0.       , -0.       ,  0.       , -0.       ,
        -0.       ,  0.       , -0.       , -0.       ,  0.       ],
       [ 2.411116 ,  0.       ,  0.       , -0.       ,  0.       ,
         0.       ,  1.7974887,  0.       , -0.       ,  0.       ],
       [ 0.       ,  0.       , -0.       , -1.4669269,  0.       ,
        -1.6063107, -0.       , -0.       ,  1.0237044,  0.       ],
       [ 1.3653591, -0.       ,  1.5148534, -0.       , -0.       ,
         0.       , -0.       ,  0.       , -1.6028813, -0.       ],
       [ 0.       , -1.6750437,  0.       ,  0.       , -1.5882629,
         0.       , -0.       ,  0.       ,  1.3355006,  0.       ],
       [-0.       ,  1.3907453, -0.       ,  0.       ,  1.4411454,
        -1.3910885, -0.       , -0.       , -0.       ,  0.       ],
       [-0.       ,  0.       ,  0.       , -0.       ,  0.       ,
        -1.1613673,  0.       ,  1.0845135, -0.       , -0.       ],
       [-0.       ,  0.       , -0.       , -0.       , -0.       ,
        -0.       ,  0.       , -0.       ,  0.       ,  0.       ],
       [-1.6109984,  0.       , -0.       ,  1.7062358,  0.       ,
         0.       ,  0.       , -0.       , -0.       ,  0.       ],
       [-0.       , -0.       ,  0.       , -0.       , -0.       ,
         1.3759245,  0.       ,  0.       ,  0.       ,  0.       ],
       [ 0.       , -0.       , -0.       ,  1.1381538, -0.       ,
         0.       ,  0.9125493,  0.       , -0.       , -0.       ],
       [ 0.       ,  0.       ,  0.       , -0.       , -0.       ,
         0.       , -0.       , -0.       , -0.       , -0.       ],
       [-0.       ,  0.       ,  0.       ,  1.3262078,  0.       ,
        -1.1476582,  0.       ,  0.       ,  0.       , -0.       ],
       [ 0.       ,  0.       , -0.       , -1.1212234, -0.       ,
        -0.       , -0.       , -0.       ,  1.0183265,  0.       ],
       [ 0.       , -1.341329 , -0.       ,  1.1423855,  0.       ,
        -0.       , -0.       , -0.       , -0.       ,  0.       ],
       [ 0.       , -0.       , -1.2509316, -0.       ,  0.       ,
        -0.       , -0.       , -0.       , -0.       ,  1.3296049],
       [ 0.       , -0.       , -0.       ,  0.       ,  0.       ,
        -0.       , -0.       , -1.6727061, -0.       , -0.       ],
       [-0.       , -0.       ,  0.       , -0.       , -0.       ,
         0.       ,  0.       , -0.       ,  0.       , -1.3057209],
       [-0.       , -1.2056905,  0.       ,  0.       , -1.729139 ,
         0.       ,  0.       , -0.       , -0.       ,  1.6827879],
       [ 0.       , -0.       ,  1.4638851,  0.       ,  0.       ,
        -0.       , -0.       ,  0.       ,  0.       , -0.       ],
       [ 0.       ,  0.       , -0.       ,  0.       , -1.5038618,
        -0.       , -1.3039577, -0.       , -0.       ,  1.30163  ],
       [ 1.584425 ,  0.       ,  0.       , -0.       , -0.       ,
        -0.       ,  0.       , -0.       , -0.       ,  1.6367704],
       [-1.3622583,  0.       , -1.1751641,  0.       ,  0.       ,
        -0.       , -1.1530442, -0.       , -0.       ,  0.       ],
       [-0.       ,  1.4196705,  0.       ,  0.       ,  0.       ,
         0.       ,  0.       ,  0.       , -0.       , -0.       ],
       [ 0.       , -0.       ,  1.1533902,  0.       , -0.       ,
        -0.       , -0.       ,  0.       ,  0.       , -0.       ],
       [-0.       , -0.       , -0.       ,  1.2033223, -0.       ,
         0.       ,  0.       , -1.110885 , -0.       , -0.       ]],
      dtype=float32)
 array([ 0.25007007,  0.31019214,  0.17284317, -0.06113233, -0.10383003,
        0.19997686,  0.01652062,  0.14381282, -0.5799183 , -0.17594898],
      dtype=float32)]