FC Layer, 300 (Glorot Init.) Original_Weights[array([[ 0.,  0.,  0., ..., -0.,  0.,  0.],
       [ 0., -0., -0., ..., -0.,  0., -0.],
       [ 0.,  0., -0., ..., -0., -0., -0.],
       ...,
       [ 0.,  0., -0., ...,  0.,  0.,  0.],
       [ 0., -0., -0., ...,  0.,  0., -0.],
       [-0., -0., -0., ..., -0., -0., -0.]], dtype=float32)
 array([-1.36725903e-02, -4.52399487e-03,  1.47100091e-01,  1.15073934e-01,
       -9.03644040e-02, -1.86686873e-01,  6.17017262e-02,  1.62435949e-01,
        5.84676117e-03,  1.87439814e-01,  7.64047902e-04, -9.70045924e-02,
        1.04629561e-01, -8.77451673e-02, -1.26128584e-01, -4.16004211e-02,
        1.17069423e-01,  1.40206024e-01,  4.52421568e-02,  1.12671122e-01,
       -7.32735470e-02,  2.06971448e-02, -3.23600993e-02, -3.77031006e-02,
        2.62053251e-01,  3.68210375e-02, -9.45911035e-02, -9.66259912e-02,
       -9.92440432e-02,  1.46554574e-01,  1.24611333e-01,  9.92401317e-02,
       -1.10872239e-01, -2.68914830e-02, -1.16796859e-01,  6.30235076e-02,
        0.00000000e+00, -1.98590621e-01, -1.30512249e-02, -2.75642514e-01,
        1.62881777e-01,  1.60085279e-02,  1.12365754e-02, -4.00359035e-02,
       -6.32476509e-02, -7.04035833e-02, -8.39281641e-03, -6.10570647e-02,
       -8.05199668e-02,  5.81087470e-02, -2.81101257e-01, -1.79292075e-02,
       -7.22777331e-03, -8.02766830e-02, -1.08993039e-01,  2.33479500e-01,
        1.63922533e-01, -1.54227242e-01,  1.38242170e-01,  4.97134514e-02,
       -7.92357996e-02, -6.96212128e-02, -6.73329458e-02,  1.85648903e-01,
       -1.07682869e-01, -1.93329081e-01, -6.43578768e-02, -1.09873399e-01,
        1.00605637e-01,  5.07299751e-02, -5.52982204e-02, -2.05520932e-02,
        8.38862211e-02,  5.27105900e-03,  3.82604748e-02,  1.06569968e-01,
       -8.00920278e-02, -4.83103432e-02,  1.63744748e-01,  1.83436126e-02,
       -5.90363592e-02, -3.96262631e-02,  2.26113588e-01,  1.35338306e-01,
       -2.15079218e-01,  2.37606958e-01,  1.37776405e-01, -9.51714665e-02,
        4.64959331e-02, -1.57362863e-01,  9.83686671e-02, -5.72188683e-02,
       -9.96922776e-02,  1.61949918e-01,  1.78015493e-02, -2.02318713e-01,
       -4.32838611e-02,  8.75104144e-02,  1.67744160e-02,  6.54829144e-02,
       -8.33075345e-02, -5.82720898e-02, -6.44348338e-02, -1.45040065e-01,
        7.92672038e-02, -1.01330010e-02, -9.50974301e-02,  1.30773813e-01,
       -8.90218318e-02, -5.50893396e-02, -6.80286512e-02,  4.91004549e-02,
       -2.49797292e-02,  2.66873781e-02,  5.42313121e-02, -4.58526798e-02,
       -1.47487387e-01,  6.52140826e-02,  7.47090131e-02,  6.93129450e-02,
       -6.93456084e-02, -1.57629997e-01, -5.18282615e-02,  1.15886942e-01,
       -1.01607265e-02,  2.03925729e-01, -2.03998059e-01,  6.25786185e-02,
       -1.38485849e-01, -1.20032892e-01,  1.73699539e-02, -9.59843174e-02,
        2.08579954e-02,  3.20370197e-02,  1.14384443e-02,  6.72797263e-02,
       -1.73609313e-02,  2.00130329e-01,  1.96048692e-02, -1.44183069e-01,
       -1.42245620e-01, -2.84818541e-02,  1.39023997e-02,  1.08635975e-02,
        5.20497635e-02,  3.54692899e-02,  8.64330400e-03, -2.03000307e-01,
        5.77991419e-02, -4.94996570e-02,  3.46732163e-03,  8.47649425e-02,
       -5.10692224e-02,  1.13450453e-01, -1.03554383e-01,  1.18975617e-01,
       -2.24156473e-02, -6.64898530e-02, -5.19457869e-02, -6.22154810e-02,
       -1.62333950e-01, -3.03024873e-02,  2.45086558e-05,  1.39224946e-01,
       -7.23299012e-02, -1.84990004e-01,  5.96662704e-03,  3.80494632e-02,
       -5.41209467e-02, -5.89533783e-02, -7.50509128e-02, -8.06822851e-02,
       -1.35160506e-01, -1.12528518e-01,  1.72206268e-01,  1.25862420e-01,
       -7.67372921e-02, -1.61359236e-01, -7.96059147e-03, -2.36058235e-02,
        8.38422328e-02,  1.13447845e-01, -4.95140292e-02,  6.02380633e-02,
       -4.67892811e-02,  1.37547252e-03,  1.95378046e-02, -1.28619164e-01,
        1.27657637e-01, -1.38715565e-01,  0.00000000e+00,  3.41229737e-02,
        1.10709757e-01,  9.92218629e-02, -8.50082561e-02, -5.24176806e-02,
        5.29748537e-02,  6.90088347e-02,  2.62986779e-01,  7.48141296e-03,
        7.92091042e-02, -1.12388290e-01, -9.75382999e-02,  2.34922022e-01,
       -5.38881570e-02,  9.61768732e-04,  1.91966202e-02, -5.06134033e-02,
        8.13191384e-02,  6.23264275e-02, -1.26042679e-01,  1.93205327e-01,
        7.36105740e-02, -1.07733801e-01, -1.82426214e-01,  3.71163264e-02,
        1.63042601e-02,  4.01389338e-02,  3.17530497e-03, -3.35494131e-02,
        5.43946624e-02,  7.21640587e-02, -6.94198236e-02,  5.53957894e-02,
        5.54438420e-02,  2.76142266e-02,  5.40019982e-02, -1.03642985e-01,
       -4.37088357e-03,  3.16431858e-02, -3.28239389e-02, -1.38159399e-03,
       -2.19301507e-02, -2.59851757e-02,  1.06806129e-01, -7.63244852e-02,
        1.33188754e-01, -2.53549129e-01, -9.42922533e-02,  9.71000791e-02,
       -7.24250525e-02,  7.71806687e-02,  9.64485556e-02, -2.04061285e-01,
        1.81769505e-02,  6.94959238e-02,  1.30715340e-01, -1.49525180e-01,
       -2.44086105e-02,  1.14977494e-01,  1.72206938e-01,  6.95653483e-02,
       -1.80883989e-01, -5.88534772e-02,  5.72242849e-02,  7.80690983e-02,
        5.01146466e-02,  1.78306419e-02, -5.98870181e-02, -3.06469183e-02,
        9.22173038e-02, -4.00368311e-02,  2.11208761e-01, -1.95869967e-01,
        5.59872277e-02,  4.80970852e-02, -1.51088074e-01,  4.86181900e-02,
       -7.74124935e-02,  7.98404142e-02, -2.19867811e-01,  5.81247061e-02,
        8.06750879e-02, -1.27510011e-01, -7.74610490e-02,  3.25947404e-02,
       -6.70323446e-02, -8.96210596e-02,  8.99953246e-02, -6.81953877e-02,
       -7.38888557e-05, -9.75989830e-03,  6.84636533e-02,  9.98863056e-02,
        1.26949593e-01, -3.68167199e-02,  3.06391083e-02, -9.28712636e-02,
        2.74582177e-01,  2.38621056e-01, -5.36877364e-02,  6.77169859e-02,
       -4.01751185e-03, -7.28704333e-02,  1.99644774e-01,  1.19439080e-01,
        5.18197156e-02, -3.79252099e-02, -3.80810574e-02,  5.28275222e-02],
      dtype=float32)]FC Layer, 100 (Glorot Init.) Original_Weights[array([[ 0.        , -0.        , -0.        , ..., -0.        ,
        -0.        ,  0.        ],
       [-0.        , -0.        , -0.        , ..., -0.        ,
        -0.        , -0.529794  ],
       [-0.        , -0.        , -0.        , ...,  0.        ,
        -0.        , -0.        ],
       ...,
       [ 0.        ,  0.        ,  0.        , ...,  0.27257285,
        -0.        ,  0.        ],
       [ 0.        ,  0.        , -0.        , ..., -0.        ,
        -0.        ,  0.        ],
       [ 0.        , -0.        ,  0.39647144, ..., -0.        ,
         0.        , -0.        ]], dtype=float32)
 array([-9.10871550e-02,  7.16299489e-02,  1.80091858e-01, -5.07445410e-02,
       -3.76986004e-02,  1.43324569e-01,  3.66162807e-02,  1.37732476e-01,
       -2.67241865e-01,  1.33216634e-01, -3.85184363e-02, -1.79547876e-01,
        2.75991440e-01,  1.36904746e-01, -2.58702040e-01,  1.44726261e-02,
        2.73963884e-02, -6.32422417e-02,  3.30127388e-01,  1.85506508e-01,
        2.44950000e-02,  1.32730782e-01,  1.21389136e-01, -1.78286865e-01,
        1.83537498e-01,  1.89214796e-01, -1.95787981e-01, -2.05264553e-01,
       -1.26177683e-01, -1.16886728e-01,  2.03273445e-01, -3.09532625e-04,
       -9.01629552e-02, -1.39896289e-01, -1.26058981e-01, -4.89652753e-02,
        4.98452298e-02, -2.53379136e-01, -2.72711255e-02,  6.10823967e-02,
       -8.26878101e-02, -1.14985749e-01, -9.91640091e-02,  6.48749098e-02,
       -1.28064305e-01, -9.96150970e-02, -1.02840222e-01,  2.20042750e-01,
       -7.59010613e-02,  4.18466665e-02, -5.22035696e-02, -1.58426762e-02,
        1.22976661e-01, -2.13855490e-01,  1.41867891e-01,  1.46183744e-01,
       -2.88203247e-02,  7.23027885e-02, -1.67244092e-01,  8.92349854e-02,
        1.75892204e-01, -1.64212793e-01,  4.03340831e-02, -2.48589411e-01,
       -2.02840582e-01, -8.69720057e-02, -3.63825597e-02,  2.38359913e-01,
       -1.33719146e-01,  7.78383203e-03, -4.70263734e-02,  1.85303707e-02,
       -1.90737229e-02, -3.46245356e-02, -1.06478676e-01, -2.04227641e-01,
       -1.20164506e-01,  1.62585929e-01, -2.38786951e-01,  6.82793139e-03,
        3.41109820e-02, -2.09793508e-01,  1.09843008e-01, -1.72957722e-02,
        4.36351337e-02, -1.94247171e-01, -3.97828296e-02, -1.30789414e-01,
       -1.25807509e-01, -6.19048551e-02, -1.40271276e-01, -8.74114633e-02,
       -1.46921903e-01,  1.68749332e-01, -6.33852184e-02, -1.36896074e-01,
        1.50516912e-01,  1.79863364e-01, -5.61481081e-02, -4.91343550e-02],
      dtype=float32)]FC Layer, 10 (Softmax) Original_Weights[array([[ 0.835359  , -0.        , -0.924278  ,  0.        , -0.8209643 ,
         0.        , -0.        , -0.        ,  0.        ,  0.77857345],
       [-0.        , -0.        , -0.7813127 , -0.67703235,  0.        ,
         0.8948973 , -0.        , -0.        , -0.        ,  0.        ],
       [-0.        , -0.        ,  0.        ,  0.        ,  0.95483476,
         0.        , -0.        ,  1.1672076 , -0.87846446,  0.        ],
       [ 0.        ,  0.        ,  1.1823797 , -0.9813466 ,  0.        ,
        -0.85063237, -0.        , -0.        , -0.        , -0.        ],
       [-0.        , -0.        , -0.        , -0.8425644 ,  0.        ,
        -0.        ,  0.        ,  0.        , -0.        ,  0.94386446],
       [-0.        ,  0.7101712 ,  0.        ,  0.        , -0.        ,
         0.9839114 , -1.2013865 , -0.        ,  0.        ,  0.        ],
       [-0.        , -0.        ,  0.        , -1.2452737 , -0.        ,
         1.0311997 ,  0.        , -1.1440505 ,  0.        ,  0.        ],
       [-0.7729762 , -0.        ,  0.        ,  0.        , -0.        ,
        -0.        ,  0.        , -1.0690686 ,  0.        ,  0.        ],
       [-0.        , -0.89045125, -1.1797348 ,  0.9961744 , -0.        ,
        -0.        ,  0.95996624, -0.8014542 ,  0.93020284,  0.        ],
       [ 0.99632525,  1.0022112 ,  0.        ,  0.        ,  0.        ,
         0.        ,  1.481285  ,  0.        , -0.        , -0.        ],
       [-0.        , -0.        ,  0.        ,  0.        , -0.        ,
        -0.9740141 , -1.4428352 , -0.        ,  0.        ,  0.        ],
       [ 0.        , -1.1553106 , -0.        ,  0.        ,  0.        ,
        -0.        , -0.        , -0.        ,  0.        , -0.        ],
       [-1.0598518 , -0.        ,  0.        ,  0.        , -0.        ,
         1.0735179 ,  0.        , -0.        , -1.254297  ,  0.        ],
       [ 0.        , -0.        ,  0.82666373,  1.1394404 , -0.        ,
         0.        , -0.8688765 ,  0.7985247 , -1.1700187 , -0.        ],
       [-0.        , -0.87227786,  0.93748933,  0.        ,  0.99261475,
         0.        , -0.        , -0.        , -0.        ,  0.        ],
       [ 0.        , -0.8189813 ,  0.7890027 ,  0.        , -0.        ,
        -1.1561086 ,  0.        , -0.        ,  0.        , -0.        ],
       [-0.        , -0.        , -0.        , -0.93984485,  0.        ,
        -0.95273197, -0.        ,  0.        , -0.        , -0.        ],
       [-0.        , -0.        ,  0.        ,  0.9404155 , -1.1526021 ,
        -0.8259166 , -0.        ,  0.        , -0.        ,  0.98823315],
       [-0.76136845, -0.        ,  0.        ,  0.        , -0.        ,
         0.        , -0.        ,  0.88843334, -1.1508564 ,  0.        ],
       [ 0.8307831 ,  0.        ,  0.        , -0.        , -0.        ,
        -0.        ,  0.935658  ,  0.98661935, -0.9527348 , -0.        ],
       [-0.9436218 , -0.        , -1.072808  ,  0.        ,  0.        ,
        -0.        ,  0.        , -0.        ,  0.        ,  0.        ],
       [ 0.        ,  0.        , -1.0486747 ,  0.        , -0.        ,
        -0.        ,  1.2751803 , -0.        ,  0.        , -0.        ],
       [-1.1492807 ,  0.8390629 ,  0.8682489 ,  0.        ,  0.        ,
         0.        , -0.        ,  0.        , -0.        , -0.774266  ],
       [ 0.        , -1.1319598 ,  0.        , -0.        ,  0.83217466,
         0.        , -0.        ,  0.        , -0.        ,  0.719355  ],
       [-0.        ,  0.8619804 , -0.        ,  0.        ,  0.        ,
        -0.        ,  0.        ,  1.1404581 ,  0.        , -0.8232839 ],
       [-1.4002287 , -0.        , -0.        ,  0.        ,  0.        ,
         0.        , -1.107118  , -0.        , -1.1953582 ,  0.7741518 ],
       [ 0.        ,  0.        ,  0.        , -0.8058415 ,  0.79358107,
        -0.        ,  0.        , -1.09672   , -0.        ,  0.        ],
       [-0.        , -0.905942  , -0.7338599 ,  0.71637565,  0.        ,
         0.        ,  0.        , -0.        ,  1.175156  , -0.        ],
       [ 0.6847047 , -1.0037273 ,  0.        , -1.0852771 ,  0.95565605,
         0.        , -0.        , -0.        ,  0.        , -0.        ],
       [-0.        , -0.9722149 , -0.        ,  0.        ,  0.        ,
        -0.        ,  0.        , -0.        ,  0.9210766 , -0.        ],
       [-0.        , -0.        ,  0.        ,  0.        , -0.        ,
         0.        , -0.        ,  1.5570911 , -0.8822443 , -0.8207318 ],
       [-0.        , -0.        , -0.        , -0.75499797,  1.1824334 ,
         0.        , -0.        , -0.        , -0.        ,  1.4866316 ],
       [ 0.        , -1.0699809 , -0.9769655 ,  0.7867344 , -0.        ,
        -0.        , -0.        , -0.        ,  0.        , -0.        ],
       [ 0.        , -0.91393447,  0.88133293,  0.        , -0.        ,
        -1.0403349 , -0.        ,  0.        ,  0.81428546,  0.        ],
       [ 0.88195735,  0.        ,  0.        , -0.        , -0.        ,
        -0.75005513,  0.        ,  0.        , -0.8546014 , -0.        ],
       [ 0.936372  , -0.        , -0.        , -0.        ,  0.        ,
        -0.95017457,  1.2826859 ,  0.        , -0.7983403 , -0.        ],
       [ 0.88894063,  0.        , -0.73520154, -0.94850594,  0.        ,
        -0.        ,  0.8910985 , -0.        ,  0.        , -0.        ],
       [ 0.8349106 , -0.83627987, -0.        , -0.        ,  0.        ,
        -0.        ,  1.02895   ,  0.        , -0.        , -0.        ],
       [-0.        ,  0.9667569 , -0.        , -0.        , -0.        ,
         0.        , -0.        ,  0.88152313, -0.        , -0.8889435 ],
       [-0.        ,  1.2560548 , -0.9148918 ,  0.7555234 ,  0.        ,
         0.        , -0.        ,  0.        , -0.        ,  0.        ],
       [ 0.        , -0.        ,  0.        ,  0.        ,  0.        ,
        -0.8747249 , -1.3995742 , -0.        , -0.        , -0.        ],
       [-0.        ,  0.        , -0.6812663 ,  0.        ,  1.023131  ,
         0.        , -0.        , -0.        , -0.        ,  0.        ],
       [-0.        ,  0.        ,  1.1171832 , -0.        ,  1.0270002 ,
         0.        , -0.        ,  0.        , -0.        , -0.        ],
       [-0.        , -0.        , -0.        ,  0.        , -1.0514728 ,
         0.        , -0.        ,  0.        , -0.68057346,  1.2064976 ],
       [ 1.0408788 , -0.        , -0.        , -0.        , -1.4223336 ,
        -0.        ,  0.        ,  0.        ,  0.        ,  1.1122236 ],
       [-0.90311795, -0.74554944,  0.        ,  0.        , -0.        ,
        -0.89601815, -0.        ,  0.        , -0.        ,  0.        ],
       [-0.        , -0.        , -0.8064245 , -0.7797078 ,  0.        ,
        -0.        ,  0.        , -0.        , -0.        ,  1.0180297 ],
       [ 0.        , -0.        ,  0.91197693, -0.88681614,  0.        ,
         0.        , -0.        ,  1.0937986 , -1.0434071 , -0.        ],
       [-1.0901154 , -0.        , -0.        , -0.        , -0.        ,
         0.        , -0.        ,  0.        ,  0.8689638 , -0.783082  ],
       [-0.        , -0.        , -0.        , -0.        , -1.0150186 ,
         0.        ,  0.        ,  0.        ,  0.        ,  0.        ],
       [ 0.        ,  0.        ,  0.        , -0.7858042 , -0.        ,
        -0.        ,  0.        , -0.8044812 ,  0.        , -0.        ],
       [ 0.        ,  0.        ,  0.8754573 , -0.        , -1.34919   ,
         0.        , -0.        ,  0.        ,  0.79802775,  0.        ],
       [-0.        ,  0.        , -0.9607175 , -0.        ,  0.        ,
         0.9896703 ,  0.68033516,  0.        , -0.        , -0.        ],
       [-0.        , -0.        ,  1.2397871 , -0.        , -0.        ,
        -1.0610098 , -0.        , -0.85515034, -0.        , -0.        ],
       [ 0.        , -0.        , -0.        ,  0.        , -1.0968943 ,
        -0.        , -0.76320153,  0.        ,  0.        , -0.        ],
       [ 0.        ,  0.        , -0.        , -0.        ,  0.        ,
         1.5299942 ,  1.1220838 , -0.        ,  0.        , -0.        ],
       [-0.        ,  1.2776732 , -0.        , -0.        ,  0.6704512 ,
         0.        , -0.        ,  0.        , -0.        ,  0.        ],
       [ 0.        , -0.        ,  0.        , -0.94102573,  0.        ,
        -0.        ,  0.        ,  0.        , -0.        , -0.        ],
       [ 0.        ,  0.        , -0.        , -0.        ,  0.886937  ,
        -0.        , -0.8527953 , -1.0338565 ,  0.        ,  0.        ],
       [ 0.        ,  0.        ,  0.        , -0.        , -0.        ,
        -0.        ,  0.        , -0.        ,  0.        , -0.7371369 ],
       [-0.        ,  0.        ,  0.        , -0.        , -1.0763772 ,
         1.1395948 ,  0.7584892 ,  0.        , -0.        ,  0.        ],
       [ 0.        , -0.        , -0.89861774,  0.        ,  0.8883744 ,
        -0.        , -0.        , -0.        ,  0.        , -0.        ],
       [ 0.        ,  0.        ,  0.98703563, -0.        ,  0.        ,
        -0.        ,  0.        , -0.        ,  0.9159272 , -1.1764603 ],
       [ 0.9404636 , -0.6887351 , -0.        ,  0.        ,  0.        ,
         0.        , -0.920363  , -0.        ,  0.        , -0.        ],
       [ 0.        , -0.8154715 ,  1.3477241 , -0.        , -0.        ,
         0.        ,  0.        , -0.84998286, -0.        , -0.        ],
       [-0.        , -0.        , -0.        , -0.966897  ,  0.        ,
        -0.99861854,  1.1274992 ,  0.        ,  0.87856764, -0.        ],
       [-0.        , -0.        ,  0.82676756, -0.        , -0.        ,
        -0.        ,  0.        , -0.9893842 ,  0.        ,  0.9630311 ],
       [-0.        ,  0.        , -0.        , -0.        ,  0.        ,
         1.3118346 , -0.        , -0.        , -0.        ,  0.        ],
       [ 0.        , -0.        , -0.        , -0.        , -0.93985015,
         0.        , -0.        ,  0.        ,  0.8406705 ,  1.2948891 ],
       [ 0.81733745, -0.        , -0.        ,  0.        ,  0.        ,
        -0.        , -0.        ,  1.0539738 ,  0.        , -1.0213319 ],
       [-0.        ,  1.1141264 , -0.        , -0.72351295,  0.        ,
        -0.        ,  1.7129974 , -0.7710915 , -0.        ,  0.        ],
       [ 0.        ,  0.        , -0.        , -0.        , -0.        ,
         1.1973854 ,  0.        , -0.9620644 ,  0.        ,  0.        ],
       [ 1.36835   , -0.        , -0.        ,  0.        ,  0.        ,
         0.        , -0.93892485, -0.        , -0.        , -0.        ],
       [ 0.8608254 , -0.        ,  0.        ,  1.0844142 , -0.        ,
        -0.95033514, -1.080064  , -0.        , -0.87491214, -0.        ],
       [ 0.        ,  0.        , -0.75033003,  0.        , -0.        ,
        -0.        ,  0.        , -0.        ,  0.        ,  0.8598196 ],
       [ 1.7060803 ,  0.        , -0.73926294, -0.        ,  0.        ,
         0.        ,  1.4262811 ,  0.        , -0.        , -0.        ],
       [ 0.        , -0.        ,  0.        , -1.0870887 , -0.        ,
        -0.9570955 ,  0.        ,  0.        ,  1.010446  ,  0.        ],
       [ 1.0230348 , -0.        ,  0.94506294,  0.        ,  0.        ,
         0.        , -0.        ,  0.        , -1.1338723 , -0.        ],
       [-0.        , -1.3342924 , -0.        ,  0.        , -1.2538981 ,
        -0.        ,  0.        , -0.        ,  0.94826007, -0.        ],
       [-0.        ,  1.1246856 , -0.        , -0.        ,  0.98459786,
        -0.9745343 ,  0.        ,  0.        , -0.        ,  0.        ],
       [-0.        , -0.        ,  0.        ,  0.        ,  0.        ,
        -1.0999286 , -0.        ,  1.0890648 , -0.        , -0.        ],
       [ 0.        , -0.        , -0.        ,  0.        , -0.814323  ,
        -1.0912802 , -0.        , -0.6704794 ,  0.95502996, -0.        ],
       [-1.0525699 , -0.        , -0.        ,  1.2635608 ,  0.        ,
        -0.        ,  0.7955008 ,  0.        ,  0.        , -1.1691029 ],
       [ 0.        , -0.        ,  0.        ,  0.        , -0.        ,
         0.8303744 , -0.76333857,  0.        , -0.        , -0.        ],
       [ 0.        ,  0.        ,  0.        ,  0.8261876 , -0.        ,
         0.        ,  0.8790157 , -0.        , -0.        , -0.        ],
       [ 0.        , -0.        , -0.79312456, -0.        ,  0.        ,
        -0.92479104, -0.        ,  0.        ,  0.        , -0.        ],
       [-0.        ,  0.6341362 , -0.        ,  1.137702  , -0.        ,
        -1.240051  , -0.        , -0.        , -0.        ,  0.        ],
       [ 0.        , -0.        ,  0.        , -0.9324344 , -0.        ,
        -0.        ,  0.        ,  0.        ,  0.9003298 , -0.        ],
       [-0.        , -1.1759547 ,  0.        ,  0.8539361 , -0.        ,
         0.        , -0.        , -0.        ,  0.        , -0.        ],
       [ 0.        ,  0.        , -1.1021829 , -0.        , -0.        ,
        -0.        ,  0.        , -1.0426282 ,  0.        ,  0.89197314],
       [ 0.        ,  0.        , -0.        , -0.        ,  0.        ,
        -0.        ,  0.        , -1.169394  ,  0.88886625, -0.69632155],
       [ 0.80311054, -0.        ,  1.0006799 ,  0.        ,  0.        ,
         0.        , -0.        ,  0.        , -0.        , -0.7200105 ],
       [-0.        , -0.8015866 , -0.        ,  0.        , -1.0838732 ,
        -0.        ,  0.        ,  0.        ,  0.        ,  1.2323862 ],
       [ 0.        ,  0.        ,  1.1015774 , -0.        , -0.        ,
         0.68865955,  0.        , -0.        ,  0.        , -0.        ],
       [ 0.        , -0.        , -0.        ,  0.        , -1.3006465 ,
        -0.        , -0.9729506 ,  0.        ,  0.        ,  1.0668846 ],
       [ 1.1290854 , -0.        , -0.        ,  0.        ,  0.        ,
         0.        , -0.        ,  0.        , -0.        ,  1.1096501 ],
       [-0.8659042 , -0.        , -1.022197  ,  0.        ,  0.        ,
         0.        , -0.9743166 , -0.        ,  0.        ,  0.        ],
       [-0.        ,  1.4408652 , -0.        , -0.        ,  0.9506048 ,
         0.        , -0.        ,  0.        , -0.        ,  0.        ],
       [ 0.        ,  0.        ,  1.2571799 , -0.        , -0.        ,
         0.        , -0.        , -0.        , -0.        , -0.        ],
       [-0.        ,  0.        ,  0.        ,  1.4298254 , -0.        ,
         0.        ,  0.        , -1.2613351 , -0.        ,  0.        ]],
      dtype=float32)
 array([-0.07813399,  0.3211364 ,  0.05818709, -0.03528908, -0.03286913,
        0.1881225 , -0.02398992,  0.18024175, -0.47929868, -0.12088799],
      dtype=float32)]