FC Layer, 300 (Glorot Init.) Original_Weights[array([[ 0.,  0.,  0., ..., -0.,  0.,  0.],
       [ 0., -0., -0., ..., -0.,  0., -0.],
       [ 0.,  0., -0., ..., -0., -0., -0.],
       ...,
       [ 0.,  0., -0., ...,  0.,  0.,  0.],
       [ 0., -0., -0., ...,  0.,  0., -0.],
       [-0., -0., -0., ..., -0., -0., -0.]], dtype=float32)
 array([ 7.89066963e-03,  6.41787052e-02,  1.09642811e-01,  1.38447225e-01,
       -1.86685063e-02, -8.06892365e-02,  1.09293669e-01,  1.10592186e-01,
        5.93571784e-03,  1.44527689e-01, -4.79049888e-03, -1.08322188e-01,
        1.32297620e-01, -7.21184760e-02, -6.87840208e-02,  2.27311645e-02,
        1.18645921e-01, -2.49122083e-02, -5.91029711e-02,  1.25460088e-01,
       -4.24237661e-02, -1.17743179e-01,  1.44241890e-03, -5.38069569e-02,
        1.70471862e-01,  3.25951576e-02, -1.42631978e-01, -3.67508121e-02,
        3.08972243e-02,  1.30841374e-01,  5.71627095e-02,  4.99067605e-02,
        7.17458054e-02, -6.23131841e-02, -1.00633487e-01,  7.16255680e-02,
        0.00000000e+00, -6.45969957e-02, -3.00229043e-02, -2.22244501e-01,
        8.19945782e-02, -3.43757160e-02, -4.50928807e-02, -7.02683581e-04,
        3.92945930e-02,  3.77925672e-02,  6.17439263e-02, -5.84717691e-02,
       -1.08788341e-01,  5.73857278e-02, -1.77412063e-01, -1.15627505e-01,
        3.90147045e-02, -8.39529112e-02, -7.48572871e-02,  1.06048055e-01,
        9.76374447e-02, -1.14985080e-02,  6.24027476e-02,  9.85786319e-02,
       -8.30564350e-02, -1.96764059e-02, -9.96759161e-02, -2.56228298e-02,
        7.21714348e-02, -9.11905468e-02,  1.54078901e-01, -2.21847370e-02,
        7.40936622e-02,  1.00616813e-01, -1.82398230e-01, -4.52955589e-02,
        3.25319581e-02, -3.02612130e-02,  4.93862554e-02,  1.07475340e-01,
       -8.48239809e-02, -4.82711345e-02,  1.12577200e-01,  7.14117661e-02,
       -2.83510610e-02,  3.35706882e-02,  1.98369488e-01,  7.75294453e-02,
       -9.70716327e-02,  1.77239671e-01,  2.05010802e-01, -9.05045345e-02,
        3.24920053e-03, -1.41725600e-01,  4.57746163e-02, -3.49137709e-02,
       -3.91367376e-02,  9.72799361e-02,  1.02513261e-01, -2.22945079e-01,
       -4.71228883e-02,  1.12311192e-01,  4.16570827e-02,  1.09128289e-01,
       -1.01743646e-01, -5.90073550e-03, -4.97342646e-02, -1.39850676e-01,
        7.29984120e-02,  1.42511129e-02, -8.82459879e-02, -2.69858707e-02,
       -8.04434419e-02,  4.39504907e-02, -2.72045135e-02,  5.59667498e-02,
        1.45388814e-02,  4.71095592e-02,  6.53354153e-02, -1.50927957e-02,
       -1.31331503e-01, -1.19791940e-01,  4.60838079e-02,  3.06241661e-02,
        4.71696369e-02, -1.15954690e-01, -9.12415702e-03,  2.13835582e-01,
        4.86075319e-02,  7.64584690e-02, -8.68103057e-02,  1.39786109e-01,
       -1.66754186e-01,  6.29434437e-02,  3.32746543e-02, -2.09887959e-02,
       -3.15582976e-02,  6.38263822e-02,  9.60811749e-02,  2.86130235e-03,
        4.36514243e-02,  9.20462459e-02, -1.06662894e-02, -1.40562907e-01,
       -6.55857027e-02, -1.09418463e-02, -3.70628461e-02,  1.41246393e-01,
        8.17742273e-02,  2.15249024e-02, -1.76232681e-02, -1.00790121e-01,
       -2.19812505e-02,  1.26064625e-02,  1.12336561e-01,  5.52186668e-02,
        1.28820285e-01,  1.39694437e-01, -1.05737269e-01,  1.04319379e-01,
       -3.83192673e-02,  3.26828994e-02, -2.34494712e-02, -3.59088695e-03,
       -1.35633126e-01, -1.19052127e-01, -7.55552351e-02,  3.35022137e-02,
       -1.01420514e-01, -1.58039242e-01,  1.65958412e-03,  1.50730247e-02,
       -3.46895531e-02, -5.54004274e-02, -1.38281047e-01,  4.25213091e-02,
       -6.17174320e-02, -9.60603803e-02,  1.69607446e-01,  4.11004685e-02,
        5.49342204e-03, -5.76204024e-02, -1.91992670e-02, -4.38867183e-03,
        8.23480710e-02,  7.90585354e-02,  1.70202386e-02,  1.43705886e-02,
       -4.43583704e-04, -3.54243778e-02,  2.13975611e-04, -9.59229767e-02,
        1.18698314e-01, -1.90052778e-01, -3.49070318e-02, -1.02838106e-01,
        1.78326830e-01,  2.33622305e-02, -7.15539902e-02, -3.09021343e-02,
       -8.81901458e-02, -2.73401719e-02,  2.03530833e-01,  6.75068125e-02,
        9.58969593e-02, -3.54987346e-02, -4.87329178e-02,  5.45432605e-02,
       -9.31469947e-02,  8.68402496e-02,  7.19460323e-02,  3.32125239e-02,
        7.26450980e-02,  1.66864824e-02, -9.21250880e-02,  1.51076436e-01,
        4.45240699e-02, -7.46148750e-02, -1.30968466e-01,  2.29233168e-02,
        4.13782485e-02, -1.03795785e-03,  6.09000437e-02, -1.07231857e-02,
        1.01897940e-02,  1.47799790e-01, -5.96514121e-02,  5.30855618e-02,
        8.38347152e-03, -5.81187271e-02,  5.01661114e-02,  1.72921252e-02,
       -5.69639616e-02,  5.75074926e-02, -6.79742694e-02,  3.46818492e-02,
        8.93293042e-03,  1.96092613e-02,  1.05252802e-01, -1.05862573e-01,
        8.85845125e-02, -1.64353803e-01, -1.27379939e-01,  1.69865489e-01,
       -4.50634249e-02,  9.63313133e-02,  3.57932113e-02, -1.03602782e-01,
       -3.00318673e-02,  4.98687364e-02,  1.54038996e-01, -1.23859100e-01,
       -3.94499265e-02,  4.98474315e-02,  1.20669752e-01,  7.66019076e-02,
       -1.09020784e-01,  1.38976760e-02,  6.96110353e-02, -7.00421929e-02,
        7.64756501e-02,  8.72619003e-02, -3.99664864e-02, -5.53828105e-02,
       -3.16205844e-02, -3.57168987e-02,  1.07899465e-01, -7.72036612e-02,
        6.77487208e-03, -8.67788121e-02,  8.60736147e-03,  3.17143500e-02,
       -9.79096219e-02,  1.09375916e-01, -8.81932825e-02, -1.95778105e-02,
        8.16934556e-02, -1.62194252e-01, -4.06789817e-02,  4.11155857e-02,
        6.80562928e-02,  3.28360610e-02,  1.35065047e-02, -2.73002945e-02,
       -2.92267948e-02, -8.85826200e-02,  1.33885339e-01, -8.85652974e-02,
        9.04423520e-02, -6.19524084e-02,  1.76671837e-02, -9.30430219e-02,
        1.73211649e-01,  1.37415454e-01, -7.27158114e-02,  8.79677683e-02,
        3.26109678e-02, -3.95864584e-02,  1.64280042e-01,  8.77649933e-02,
       -6.11058325e-02, -8.39177221e-02,  7.52369221e-03,  6.71939701e-02],
      dtype=float32)]FC Layer, 100 (Glorot Init.) Original_Weights[array([[-0.        , -0.21360584, -0.        , ..., -0.        ,
        -0.        ,  0.        ],
       [ 0.        , -0.23511554, -0.        , ..., -0.        ,
         0.        , -0.44146612],
       [-0.        ,  0.28789708, -0.        , ...,  0.        ,
         0.        ,  0.        ],
       ...,
       [ 0.27308735,  0.        ,  0.        , ...,  0.31726408,
         0.        , -0.        ],
       [ 0.24639243,  0.19299977, -0.        , ..., -0.        ,
        -0.        ,  0.        ],
       [-0.        ,  0.        ,  0.37737536, ...,  0.        ,
         0.        ,  0.        ]], dtype=float32)
 array([ 0.00419076,  0.05012185,  0.13545348,  0.00362926,  0.11546504,
        0.1772401 ,  0.03004238,  0.01138037, -0.2517857 ,  0.00176459,
        0.00381243, -0.12101499,  0.1687935 ,  0.17927472, -0.0227113 ,
       -0.03321164, -0.02579083, -0.0928921 ,  0.21239051,  0.17600276,
        0.02517135,  0.12990451,  0.10537016, -0.14313912,  0.12278995,
        0.18347387, -0.05836605, -0.12728725, -0.14543352, -0.1455013 ,
        0.1494248 ,  0.04767374, -0.13807145, -0.11862127,  0.03857819,
       -0.06552959,  0.03583148, -0.2072578 , -0.03176541,  0.05631669,
       -0.1057049 ,  0.02480949, -0.11754526,  0.05208633, -0.02052766,
       -0.08490804,  0.02060474,  0.12941499, -0.04813465,  0.0129502 ,
       -0.03818741, -0.01918389,  0.11505825, -0.08513566,  0.06966697,
        0.11279897, -0.06982861, -0.09179901, -0.04268368,  0.02904192,
        0.14284842, -0.02919572,  0.01149191, -0.1201145 , -0.13093726,
       -0.00802776, -0.0253938 ,  0.15873282, -0.04226652,  0.07268182,
       -0.08211526,  0.05582564,  0.01541972, -0.01697727, -0.0977606 ,
       -0.16251278, -0.07973903,  0.07724232, -0.17455266, -0.01637953,
        0.04738051, -0.17630243,  0.05068019,  0.07688639,  0.12608527,
       -0.14052977, -0.05111706, -0.07379958, -0.13071859,  0.00819646,
       -0.0453886 , -0.07651632, -0.1274582 ,  0.17015532,  0.01989086,
       -0.06890641,  0.06824422,  0.03849445,  0.01111557, -0.09253862],
      dtype=float32)]FC Layer, 10 (Softmax) Original_Weights[array([[ 0.6322301 ,  0.        , -0.7139084 ,  0.        , -0.83682114,
        -0.        ,  0.        ,  0.        , -0.        ,  0.6423628 ],
       [-0.        ,  0.        , -0.70744365, -0.49082026,  0.5482785 ,
         0.8006801 ,  0.        ,  0.        , -0.        , -0.        ],
       [-0.        ,  0.        , -0.        ,  0.        ,  0.5607232 ,
        -0.        ,  0.        ,  0.8232923 , -0.63957065, -0.        ],
       [-0.        ,  0.        ,  1.0093653 , -0.64212817,  0.        ,
        -0.7037393 ,  0.        ,  0.6857871 , -0.        , -0.        ],
       [ 0.        , -0.        , -0.        , -0.84621656, -0.        ,
         0.        , -0.        ,  0.5123971 , -0.4885631 ,  0.7803078 ],
       [ 0.        ,  0.6758421 , -0.        ,  0.        , -0.        ,
         0.9803882 , -1.1206373 , -0.        ,  0.        , -0.        ],
       [-0.        , -0.        ,  0.        , -0.9180275 , -0.        ,
         0.78109837, -0.        , -0.74314654,  0.        ,  0.        ],
       [-0.6404537 , -0.        ,  0.        ,  0.        , -0.        ,
        -0.        , -0.        , -0.97318673,  0.        ,  0.        ],
       [ 0.        , -0.5172697 , -0.92777246,  0.87222266, -0.        ,
        -0.        ,  0.610543  , -0.6287328 ,  0.724513  , -0.        ],
       [ 0.7950348 ,  0.8060904 , -0.        , -0.        ,  0.        ,
         0.        ,  0.9504727 ,  0.        , -0.        , -0.        ],
       [-0.        ,  0.57303816, -0.        ,  0.        , -0.        ,
        -0.7648453 , -0.79557425, -0.        ,  0.        ,  0.        ],
       [-0.        , -0.6859072 , -0.        ,  0.        ,  0.        ,
        -0.        ,  0.        , -0.        ,  0.86519504, -0.        ],
       [-0.7610522 , -0.        , -0.        ,  0.63228077, -0.        ,
         0.7972942 ,  0.        , -0.        , -1.0458008 ,  0.        ],
       [ 0.        ,  0.        ,  0.935323  ,  0.9730476 ,  0.        ,
        -0.        , -0.58376   ,  0.49704677, -0.9253061 , -0.        ],
       [-0.        , -0.6337128 ,  0.9101366 ,  0.        ,  0.84841657,
         0.        ,  0.        ,  0.        , -0.        , -0.5040373 ],
       [ 0.        , -0.6075052 ,  0.64961463,  0.        , -0.        ,
        -0.848357  ,  0.        , -0.        ,  0.        ,  0.        ],
       [-0.        , -0.        ,  0.        , -0.77263355, -0.        ,
        -0.74023926,  0.        , -0.        ,  0.        ,  0.5643715 ],
       [-0.        , -0.        , -0.        ,  0.57367486, -1.0400002 ,
        -0.7978856 ,  0.        ,  0.        , -0.        ,  0.8173392 ],
       [-0.5370001 , -0.        ,  0.        , -0.        ,  0.53310007,
         0.        ,  0.        ,  0.6522714 , -0.9340179 ,  0.        ],
       [ 0.5841481 ,  0.        ,  0.        , -0.        , -0.        ,
         0.        ,  0.7551297 ,  0.69082546, -0.6099243 ,  0.        ],
       [-0.93409514, -0.        , -0.9503417 ,  0.5181382 , -0.        ,
        -0.        ,  0.        , -0.        ,  0.        ,  0.        ],
       [ 0.        ,  0.47891864, -0.81072277, -0.        , -0.        ,
         0.        ,  0.9290768 , -0.        ,  0.        ,  0.        ],
       [-0.9672462 ,  0.5196355 ,  0.7661646 , -0.51035345, -0.        ,
         0.45161322, -0.        ,  0.5404736 ,  0.        , -0.51553655],
       [-0.        , -0.77151436,  0.        , -0.        ,  0.6269849 ,
         0.        , -0.        ,  0.        , -0.        ,  0.6187711 ],
       [ 0.        ,  0.63719714, -0.        ,  0.        , -0.        ,
        -0.        , -0.        ,  0.8301932 ,  0.        , -0.6771379 ],
       [-1.0565143 , -0.        , -0.        ,  0.        ,  0.        ,
         0.44186273, -0.76281756,  0.        , -0.88196623,  0.68712986],
       [-0.        ,  0.        ,  0.        , -0.6230475 ,  0.7731925 ,
         0.        , -0.        , -0.95424044, -0.        ,  0.        ],
       [-0.        , -0.7688189 , -0.6003008 ,  0.6434605 , -0.        ,
        -0.        ,  0.        ,  0.        ,  0.793982  , -0.        ],
       [ 0.60147434, -0.6698129 , -0.47673234, -0.7958407 ,  0.6257235 ,
        -0.        , -0.47286943,  0.        ,  0.5377521 ,  0.47646818],
       [-0.        , -0.7358066 , -0.        ,  0.4566839 ,  0.        ,
        -0.        ,  0.        , -0.        ,  0.85470843, -0.        ],
       [-0.        ,  0.        , -0.        , -0.        ,  0.        ,
         0.        ,  0.        ,  1.2060434 , -0.5654893 , -0.56364286],
       [-0.5557225 ,  0.        , -0.        , -0.6483086 ,  0.8257472 ,
        -0.        ,  0.        ,  0.        , -0.5471815 ,  0.98365545],
       [ 0.        , -0.8864236 , -0.80787337,  0.7190264 ,  0.        ,
        -0.        , -0.        , -0.        ,  0.        , -0.        ],
       [-0.        , -0.66980004,  0.594382  ,  0.        , -0.        ,
        -0.80297595, -0.        , -0.        ,  0.6695301 ,  0.        ],
       [ 0.6040035 , -0.        , -0.        , -0.        ,  0.        ,
        -0.74389577,  0.6059505 ,  0.        , -0.5763444 , -0.6327919 ],
       [ 0.5854429 ,  0.        , -0.        , -0.        ,  0.        ,
        -0.63910836,  0.78604054, -0.5810349 , -0.5212495 , -0.        ],
       [ 0.6434178 ,  0.        , -0.6016898 , -0.6670455 ,  0.        ,
         0.        ,  0.7938543 , -0.        , -0.        , -0.        ],
       [ 0.72261375, -0.56914544, -0.        ,  0.44996583,  0.        ,
         0.        ,  0.71274406, -0.5531218 , -0.        , -0.        ],
       [-0.        ,  0.8975061 ,  0.49973506, -0.        , -0.        ,
         0.        ,  0.        ,  0.6897546 ,  0.        , -0.7167487 ],
       [-0.        ,  0.90198   , -0.8587927 ,  0.51035106,  0.        ,
         0.        , -0.        ,  0.        , -0.        ,  0.        ],
       [ 0.        , -0.        ,  0.5760323 ,  0.        , -0.        ,
        -0.7118742 , -0.9871157 , -0.        ,  0.        , -0.        ],
       [-0.        ,  0.        , -0.47672713,  0.        ,  0.58440214,
         0.51804125,  0.        ,  0.        , -0.        , -0.51147556],
       [-0.        , -0.4790989 ,  0.7303428 , -0.        ,  0.77904993,
         0.        ,  0.        ,  0.        , -0.        , -0.        ],
       [-0.        , -0.        , -0.        ,  0.        , -0.8987626 ,
         0.53275675,  0.        ,  0.        , -0.6252689 ,  1.1642754 ],
       [ 0.82633007, -0.        ,  0.        ,  0.        , -0.9549097 ,
        -0.        ,  0.        , -0.        ,  0.        ,  0.9388585 ],
       [-0.6610502 , -0.7017087 ,  0.        , -0.        , -0.        ,
        -0.67021   ,  0.        ,  0.4847676 , -0.        ,  0.        ],
       [ 0.5691297 , -0.        , -0.44635615, -0.6684144 ,  0.        ,
        -0.        ,  0.        ,  0.        , -0.        ,  0.7305927 ],
       [ 0.        ,  0.        ,  0.8141018 , -0.7012236 ,  0.        ,
        -0.5831556 ,  0.        ,  0.9426403 , -0.66422415,  0.        ],
       [-0.87680876,  0.5362435 , -0.        , -0.        ,  0.        ,
         0.        , -0.        ,  0.        ,  0.7735715 , -0.68883646],
       [-0.        ,  0.5565026 , -0.        ,  0.        , -0.88515943,
         0.        , -0.        ,  0.        ,  0.5818559 , -0.        ],
       [ 0.        , -0.        , -0.        , -0.7028377 ,  0.        ,
        -0.        ,  0.5956719 , -0.7280189 ,  0.        , -0.        ],
       [ 0.        ,  0.        ,  0.78966427,  0.48155406, -0.78166425,
         0.        , -0.        ,  0.        ,  0.77359045, -0.50978875],
       [-0.        ,  0.        , -0.75753176, -0.        ,  0.        ,
         0.73801553,  0.55292815,  0.        , -0.5954575 ,  0.        ],
       [-0.        , -0.        ,  0.7442014 , -0.54278827, -0.        ,
        -0.5320284 ,  0.        , -0.7971162 ,  0.        ,  0.        ],
       [ 0.        ,  0.        , -0.        , -0.        , -0.7644557 ,
         0.        , -0.6193329 ,  0.        , -0.        ,  0.        ],
       [ 0.        , -0.4808681 ,  0.        ,  0.        ,  0.        ,
         1.1847556 ,  0.83964044,  0.        , -0.        , -0.        ],
       [-0.        ,  0.7435123 , -0.5056073 , -0.        ,  0.55099887,
        -0.4719041 ,  0.        , -0.55211115, -0.        ,  0.        ],
       [-0.60282826, -0.6001189 ,  0.        , -0.94971156, -0.        ,
         0.        , -0.        , -0.58910406,  0.6342108 , -0.        ],
       [ 0.        , -0.        ,  0.        ,  0.        ,  0.8120362 ,
         0.5885681 , -0.80827874, -0.8356508 ,  0.        , -0.        ],
       [-0.        , -0.        ,  0.        , -0.        , -0.        ,
         0.        ,  0.49093023, -0.        ,  0.        , -0.722542  ],
       [ 0.        ,  0.        ,  0.        , -0.        , -0.81799346,
         1.1079444 ,  0.7040638 ,  0.        , -0.        , -0.        ],
       [ 0.        , -0.        , -0.56129146, -0.        ,  0.68216175,
         0.5527239 , -0.        ,  0.51189417,  0.        ,  0.        ],
       [ 0.        , -0.        ,  0.9095062 , -0.        ,  0.        ,
        -0.        , -0.        , -0.        ,  0.8006743 , -0.88037825],
       [ 0.9213499 , -0.6181428 ,  0.        , -0.        ,  0.53038424,
        -0.        , -0.7434418 , -0.        ,  0.        ,  0.53142655],
       [ 0.        , -0.7013439 ,  1.1135124 , -0.        ,  0.        ,
         0.        , -0.        , -0.7427859 , -0.        ,  0.        ],
       [ 0.54298717,  0.5139782 ,  0.        , -0.7597583 ,  0.        ,
        -0.5801685 ,  0.95976615,  0.        ,  0.60123116,  0.        ],
       [-0.4748905 , -0.        ,  0.71953535, -0.        , -0.5433643 ,
        -0.        , -0.        , -0.6652938 ,  0.        ,  0.71740806],
       [-0.        ,  0.478765  , -0.        , -0.        ,  0.        ,
         0.66308486,  0.        ,  0.        , -0.        , -0.        ],
       [-0.        , -0.        , -0.        , -0.5388344 , -0.6465933 ,
         0.        ,  0.        , -0.        ,  0.7228213 ,  1.0966222 ],
       [ 0.5063103 ,  0.5141348 , -0.        ,  0.        , -0.        ,
        -0.        , -0.        ,  0.9003105 ,  0.        , -0.74859893],
       [-0.        ,  0.6103372 , -0.        , -0.55030304,  0.        ,
        -0.64668065,  1.3698246 , -0.5933602 , -0.        ,  0.        ],
       [ 0.        , -0.        , -0.5052121 ,  0.        , -0.67512673,
         0.7960799 , -0.        , -0.69393027, -0.62648565, -0.        ],
       [ 1.246778  ,  0.        ,  0.        , -0.6031731 ,  0.        ,
         0.        , -0.65102744, -0.        ,  0.        , -0.        ],
       [ 0.7507469 ,  0.        ,  0.5888838 ,  1.021974  ,  0.        ,
        -0.7740053 , -1.0625591 ,  0.        , -0.59411174, -0.        ],
       [ 0.47859722, -0.        , -0.79214436,  0.        ,  0.56954277,
        -0.6502397 , -0.        , -0.50461394,  0.53949994,  0.58396703],
       [ 1.2362993 ,  0.        , -0.67334694, -0.        ,  0.        ,
         0.        ,  1.2716427 ,  0.        , -0.        , -0.        ],
       [ 0.        , -0.        , -0.7229036 , -0.79045904, -0.        ,
        -0.6681418 ,  0.57504994,  0.50806653,  0.8278771 ,  0.        ],
       [ 0.8663103 ,  0.        ,  0.7172013 ,  0.        ,  0.        ,
        -0.        ,  0.        ,  0.        , -0.7665465 , -0.        ],
       [-0.        , -0.9574447 , -0.        ,  0.        , -0.8787168 ,
        -0.        ,  0.        ,  0.        ,  0.7447106 , -0.        ],
       [-0.        ,  0.8986225 ,  0.        , -0.        ,  1.0025982 ,
        -0.9506355 ,  0.        , -0.        ,  0.        ,  0.        ],
       [-0.        , -0.        , -0.        , -0.        ,  0.        ,
        -0.86320573,  0.        ,  0.9685375 , -0.        ,  0.        ],
       [-0.        , -0.        ,  0.        , -0.        , -0.6592341 ,
        -0.7478459 ,  0.        , -0.6793117 ,  0.63667774,  0.        ],
       [-0.98670596, -0.        ,  0.        ,  0.94952404, -0.        ,
        -0.        ,  0.63658077, -0.        ,  0.        , -0.8374607 ],
       [ 0.        ,  0.56959164,  0.        , -0.6426079 , -0.        ,
         0.65624166, -0.69972414, -0.        ,  0.        ,  0.        ],
       [ 0.        ,  0.        , -0.        ,  0.8129573 ,  0.        ,
         0.5352931 ,  0.6988792 ,  0.        , -0.        , -0.        ],
       [ 0.        , -0.65590936, -0.7243631 ,  0.        ,  0.51434004,
        -0.733353  , -0.        ,  0.        , -0.        , -0.        ],
       [-0.        ,  0.63717866, -0.        ,  0.78887177,  0.        ,
        -0.9463897 ,  0.        ,  0.        , -0.        ,  0.        ],
       [ 0.        , -0.        ,  0.50437003, -0.6948786 ,  0.48697212,
        -0.        , -0.        , -0.        ,  0.6577032 ,  0.        ],
       [-0.6724668 , -0.9770579 ,  0.        ,  0.4855972 ,  0.        ,
        -0.        ,  0.        , -0.        ,  0.        , -0.        ],
       [-0.65485215, -0.        , -0.84616977,  0.        , -0.        ,
         0.6003664 , -0.        , -1.0070485 ,  0.        ,  0.71351516],
       [ 0.5293802 ,  0.        ,  0.        , -0.56203663, -0.5072458 ,
         0.        , -0.        , -0.9252807 ,  0.755136  , -0.48291075],
       [ 0.6587325 ,  0.        ,  0.8518224 , -0.        ,  0.        ,
         0.        ,  0.        ,  0.        , -0.        , -0.6264726 ],
       [-0.        , -0.6551192 , -0.        ,  0.        , -0.82819283,
        -0.        ,  0.        ,  0.50446   ,  0.        ,  0.8902213 ],
       [-0.        ,  0.        ,  0.89978004,  0.        ,  0.        ,
         0.6470672 , -0.        , -0.7120914 ,  0.        , -0.        ],
       [ 0.        ,  0.        , -0.        ,  0.5371761 , -0.61761075,
        -0.        , -0.8652366 ,  0.        , -0.        ,  0.7255071 ],
       [ 0.8460925 ,  0.        , -0.        ,  0.52962804, -0.7020352 ,
        -0.4890132 ,  0.        ,  0.        , -0.        ,  0.6704216 ],
       [-0.670759  , -0.        , -0.85106444,  0.6658261 , -0.        ,
        -0.        , -0.6113242 ,  0.52855986,  0.        ,  0.        ],
       [-0.        ,  1.052124  , -0.        , -0.        ,  0.62527007,
         0.        ,  0.        , -0.50247765, -0.        , -0.        ],
       [ 0.        ,  0.        ,  1.0087385 , -0.        ,  0.        ,
         0.        ,  0.55541784, -0.57200634, -0.        , -0.49380565],
       [-0.        ,  0.        , -0.        ,  1.2414774 ,  0.        ,
         0.        ,  0.        , -0.83138955, -0.        , -0.        ]],
      dtype=float32)
 array([-0.12428565,  0.3036156 ,  0.04500708, -0.04073068, -0.01647263,
        0.17254953, -0.05517541,  0.11838502, -0.37427604, -0.08057138],
      dtype=float32)]