FC Layer, 300 (Glorot Init.) Original_Weights[array([[ 0.,  0.,  0., ..., -0.,  0.,  0.],
       [ 0., -0., -0., ..., -0.,  0., -0.],
       [ 0.,  0., -0., ..., -0., -0., -0.],
       ...,
       [ 0.,  0., -0., ...,  0.,  0.,  0.],
       [ 0., -0., -0., ...,  0.,  0., -0.],
       [-0., -0., -0., ..., -0., -0., -0.]], dtype=float32)
 array([-0.12534693, -0.04689679, -0.07160755,  0.36118874,  0.        ,
       -0.0822722 ,  0.05895429, -0.05903875,  0.        ,  0.26066917,
       -0.16112188,  0.02999663, -0.06745553,  0.        , -0.15125939,
        0.30172706,  0.04132565,  0.        ,  0.        , -0.3760591 ,
       -0.06738294,  0.20774898,  0.        ,  0.        ,  0.16464148,
        0.15883957,  0.        , -0.03011519,  0.        ,  0.14576925,
        0.        ,  0.11949644,  0.        , -0.09237601, -0.0865476 ,
        0.00742972,  0.        , -0.1147864 ,  0.11629915, -0.01151329,
        0.        ,  0.        ,  0.16576676, -0.26616088,  0.        ,
        0.        ,  0.        ,  0.03112862, -0.0643066 ,  0.        ,
       -0.25729075, -0.23297153, -0.26966783,  0.02570684, -0.07189068,
        0.        , -0.07726979,  0.        , -0.02795246,  0.03574938,
       -0.08387108,  0.22384179,  0.        ,  0.        ,  0.        ,
        0.27772143,  0.        , -0.24522713,  0.2831856 ,  0.01764765,
        0.01281997,  0.        ,  0.        ,  0.        ,  0.        ,
        0.06557091,  0.        ,  0.0812724 ,  0.        , -0.09631004,
        0.        ,  0.22573426, -0.09426429,  0.15020217,  0.27021837,
       -0.00668128,  0.05564552,  0.        ,  0.        , -0.2139461 ,
        0.        , -0.21311745,  0.05210368,  0.27332005, -0.27161908,
        0.        ,  0.14535658, -0.14835596,  0.17826006,  0.20481466,
       -0.1722271 , -0.11669686, -0.33706388, -0.06890374, -0.02869647,
       -0.10311154, -0.01670418,  0.0687832 ,  0.21118459, -0.133183  ,
       -0.27796972, -0.05922737,  0.        , -0.00448682,  0.        ,
       -0.24725921,  0.06658543,  0.20417963,  0.        , -0.18289529,
        0.        , -0.10036413,  0.10255552,  0.26454017,  0.        ,
        0.05240485,  0.        , -0.22772413, -0.46305415, -0.19370565,
       -0.11474451,  0.01664969, -0.07101768,  0.        ,  0.02997242,
        0.0397495 , -0.11693477,  0.        , -0.04795404,  0.        ,
        0.        ,  0.52203894,  0.0088611 ,  0.        ,  0.13666467,
        0.18389486,  0.        , -0.32260728, -0.10961663,  0.        ,
        0.        ,  0.18079439,  0.10458414, -0.08345084,  0.        ,
       -0.16417822,  0.        ,  0.        , -0.39181635, -0.38477892,
        0.        , -0.1492677 ,  0.33281836,  0.11739355,  0.        ,
        0.08627701,  0.03417833,  0.        , -0.00349766, -0.03311494,
        0.        ,  0.        ,  0.        ,  0.        ,  0.        ,
        0.        , -0.02971529,  0.0345239 , -0.08436851,  0.        ,
        0.1737335 ,  0.06561278,  0.3612988 ,  0.22344816,  0.        ,
       -0.02986501, -0.22188774,  0.0650781 ,  0.07462182, -0.21027268,
        0.        ,  0.11174702, -0.03983407, -0.09893599,  0.        ,
       -0.19393595,  0.20995748,  0.10182852,  0.2407445 ,  0.        ,
        0.        , -0.24964838,  0.        ,  0.37173626, -0.02047375,
        0.12815319, -0.29550576, -0.1953421 ,  0.        , -0.03956662,
       -0.02614965,  0.06072998,  0.30406377, -0.28936407, -0.394875  ,
        0.        ,  0.5628334 ,  0.        , -0.04299912,  0.07343707,
       -0.06857206,  0.42229375,  0.27536988,  0.05015835,  0.        ,
        0.30541873,  0.        ,  0.        , -0.25193903,  0.        ,
        0.06887911, -0.28925458,  0.        , -0.06229295,  0.        ,
       -0.11148237,  0.        ,  0.        , -0.01728648,  0.05053259,
       -0.18494777,  0.04899542,  0.        ,  0.        , -0.05009462,
        0.15522297,  0.18087888, -0.25418714,  0.2640896 ,  0.05317262,
       -0.01784759,  0.        ,  0.        ,  0.00495235,  0.        ,
        0.        ,  0.3438045 ,  0.05568267,  0.        ,  0.        ,
       -0.07452407, -0.03812595,  0.        ,  0.        ,  0.15662612,
        0.        ,  0.26582506,  0.03631308, -0.2641478 ,  0.        ,
       -0.06667899, -0.20865823,  0.        , -0.14715639,  0.        ,
        0.21536307,  0.        , -0.05054389,  0.16824122,  0.05115685,
        0.13998337, -0.04927024,  0.        ,  0.        ,  0.        ,
       -0.09539029, -0.19359678,  0.10007759,  0.        ,  0.23134306,
        0.        ,  0.09227421,  0.00400317,  0.04797456,  0.        ,
        0.3184962 ,  0.        , -0.02316635,  0.        ,  0.02124042],
      dtype=float32)]FC Layer, 100 (Glorot Init.) Original_Weights[array([[-0., -0., -0., ..., -0., -0., -0.],
       [ 0.,  0.,  0., ...,  0., -0., -0.],
       [-0.,  0.,  0., ...,  0.,  0., -0.],
       ...,
       [ 0., -0., -0., ..., -0., -0., -0.],
       [ 0.,  0.,  0., ...,  0., -0., -0.],
       [ 0., -0., -0., ..., -0., -0.,  0.]], dtype=float32)
 array([ 0.        ,  0.        ,  0.25616747,  0.        ,  0.        ,
        0.09527831, -0.22768211,  0.08386025,  0.        , -0.11686571,
        0.05891747, -0.2882175 ,  0.3184735 ,  0.21813612, -0.01652079,
       -0.02657977, -0.18374355, -0.0505686 ,  0.16319977,  0.        ,
        0.21789019, -0.05807276,  0.39197356, -0.29785442,  0.23576947,
        0.06562681, -0.24653672, -0.23308931,  0.02207566,  0.        ,
        0.29610068,  0.28281653, -0.1519966 , -0.25765517, -0.0276028 ,
       -0.34681913,  0.22358799, -0.09439646,  0.08521404,  0.11894876,
       -0.10977743, -0.10857172, -0.06333962,  0.11087883,  0.10383067,
       -0.08353738, -0.12661453,  0.25227255,  0.01885538,  0.        ,
        0.        ,  0.27200907,  0.06506129, -0.16921584, -0.0073441 ,
        0.46441373,  0.14077362,  0.        , -0.06008295,  0.        ,
        0.14185134,  0.        ,  0.06850215,  0.10622719,  0.16192508,
       -0.01472159,  0.        ,  0.        ,  0.06533899,  0.5200561 ,
       -0.12003901,  0.12372812,  0.        , -0.4603311 ,  0.        ,
       -0.12536383,  0.07937282,  0.25838897, -0.14305757, -0.1417578 ,
       -0.21871528,  0.        ,  0.08763073,  0.10230313,  0.        ,
        0.        , -0.05723695, -0.27187812,  0.02890211, -0.13107671,
       -0.5181123 ,  0.0652995 , -0.18059738, -0.03920008, -0.31166774,
       -0.23683342,  0.58358717,  0.06103859,  0.09848937,  0.        ],
      dtype=float32)]FC Layer, 10 (Softmax) Original_Weights[array([[ 0.        , -0.        ,  0.        , -0.        , -0.        ,
        -0.        ,  0.        ,  0.        ,  0.        ,  0.        ],
       [-0.        , -0.        ,  0.        ,  0.        ,  0.        ,
        -0.        ,  0.        ,  0.        , -0.        , -0.        ],
       [-0.        , -0.        ,  0.        , -0.        ,  1.295497  ,
        -0.        ,  0.        ,  1.5429151 , -1.7717459 ,  0.        ],
       [ 0.        , -0.        ,  0.        , -0.        ,  0.        ,
        -0.        ,  0.        ,  0.        ,  0.        , -0.        ],
       [ 0.        ,  0.        , -0.        ,  0.        , -0.        ,
        -0.        ,  0.        ,  0.        , -0.        ,  0.        ],
       [-0.        , -0.        , -0.        ,  0.        ,  0.        ,
         1.5292199 , -1.6921183 , -0.        , -0.        ,  0.        ],
       [-0.        , -0.        ,  0.        , -1.7384859 , -0.        ,
         0.        ,  0.        , -1.8600687 , -0.        ,  0.        ],
       [ 0.        ,  0.        , -0.        , -0.        , -0.        ,
         0.        , -0.        , -1.9561938 ,  0.        ,  0.        ],
       [-0.        , -0.        ,  0.        ,  0.        , -0.        ,
        -0.        , -0.        , -0.        ,  0.        ,  0.        ],
       [-0.        ,  1.8591344 , -0.        , -0.        ,  0.        ,
         0.        ,  1.7053876 , -0.        ,  0.        , -0.        ],
       [ 0.        , -0.        ,  0.        , -0.        , -0.        ,
        -0.        , -1.7083358 ,  0.        ,  0.        ,  0.        ],
       [-0.        , -1.4543167 ,  0.        ,  0.        , -0.        ,
         0.        ,  0.        , -0.        , -0.        ,  0.        ],
       [-1.5579363 ,  0.        , -0.        ,  0.        ,  0.        ,
         0.        , -0.        ,  0.        , -2.2086754 ,  0.        ],
       [ 0.        ,  0.        , -0.        ,  1.6188858 ,  0.        ,
        -0.        , -0.        ,  0.        ,  0.        , -0.        ],
       [ 0.        ,  0.        , -0.        , -0.        ,  1.9363017 ,
         0.        , -0.        , -0.        ,  0.        ,  0.        ],
       [ 0.        , -0.        ,  0.        , -0.        ,  0.        ,
        -1.6083026 ,  0.        ,  0.        ,  0.        , -0.        ],
       [-0.        ,  0.        , -0.        , -1.7572621 , -0.        ,
        -0.        ,  0.        ,  0.        ,  0.        , -0.        ],
       [-0.        , -0.        , -0.        ,  0.        , -0.        ,
        -2.1960084 ,  0.        , -0.        ,  0.        ,  0.        ],
       [-0.        ,  0.        ,  0.        , -0.        , -0.        ,
        -0.        ,  0.        ,  0.        , -1.4234444 , -0.        ],
       [-0.        ,  0.        ,  0.        ,  0.        ,  0.        ,
         0.        ,  0.        , -0.        , -0.        , -0.        ],
       [-1.2824036 ,  0.        , -1.5942338 ,  0.        , -0.        ,
         0.        , -0.        , -0.        , -0.        ,  0.        ],
       [-0.        , -0.        , -1.6434484 , -0.        , -0.        ,
         0.        ,  1.88103   ,  0.        , -0.        ,  0.        ],
       [-0.        ,  0.        ,  1.6166359 , -0.        , -0.        ,
         0.        , -0.        , -0.        , -0.        ,  0.        ],
       [-0.        , -2.012977  ,  0.        , -0.        ,  1.5296674 ,
        -0.        ,  0.        , -0.        , -0.        ,  0.        ],
       [-0.        , -0.        , -0.        , -0.        , -0.        ,
        -0.        ,  0.        ,  1.5810832 ,  0.        ,  0.        ],
       [-1.4769574 ,  0.        , -0.        , -0.        , -0.        ,
         0.        , -1.3988357 , -0.        , -0.        ,  1.095432  ],
       [-0.        , -0.        ,  0.        ,  0.        ,  2.0509386 ,
         0.        , -0.        , -1.7336013 ,  0.        , -0.        ],
       [ 0.        , -1.7063206 ,  0.        ,  0.        ,  0.        ,
         0.        , -0.        ,  0.        ,  1.3381782 , -0.        ],
       [ 0.        ,  0.        ,  0.        , -1.9646093 ,  1.1769177 ,
         0.        , -0.        , -0.        , -0.        , -0.        ],
       [ 0.        ,  0.        , -0.        , -0.        ,  0.        ,
        -0.        , -0.        ,  0.        ,  0.        , -0.        ],
       [ 0.        ,  0.        , -0.        , -0.        ,  0.        ,
        -0.        ,  0.        ,  0.        , -2.0534258 , -0.        ],
       [-0.        , -0.        ,  0.        , -1.484769  ,  2.0306034 ,
         0.        ,  0.        , -0.        ,  0.        ,  1.5492548 ],
       [ 0.        , -2.1917748 , -1.4669381 , -0.        ,  0.        ,
         0.        ,  0.        ,  0.        ,  0.        , -0.        ],
       [ 0.        , -0.        ,  0.        , -0.        ,  0.        ,
        -1.9401169 ,  0.        ,  0.        , -0.        , -0.        ],
       [ 1.655475  ,  0.        , -0.        ,  0.        ,  0.        ,
         0.        ,  0.        , -0.        , -0.        , -0.        ],
       [ 1.8219054 , -0.        , -0.        ,  0.        ,  0.        ,
         0.        ,  1.6492049 ,  0.        , -0.        , -0.        ],
       [-0.        , -0.        ,  0.        , -1.6033776 , -0.        ,
        -0.        ,  0.        ,  0.        , -0.        , -0.        ],
       [ 0.        ,  0.        , -0.        ,  0.        ,  0.        ,
        -0.        ,  1.2094972 , -0.        ,  0.        , -0.        ],
       [ 0.        ,  1.6722811 , -0.        , -0.        ,  0.        ,
        -0.        , -0.        ,  0.        ,  0.        , -0.        ],
       [-0.        ,  2.1311874 , -0.        ,  0.        ,  0.        ,
        -0.        ,  0.        , -0.        ,  0.        , -0.        ],
       [ 0.        ,  0.        , -0.        , -0.        ,  0.        ,
        -1.4208158 , -2.2652378 ,  0.        ,  0.        ,  0.        ],
       [-0.        , -0.        ,  0.        ,  0.        ,  1.3910718 ,
         0.        , -0.        , -0.        , -0.        , -0.        ],
       [ 0.        ,  0.        ,  1.4761901 , -0.        ,  0.        ,
        -0.        ,  0.        ,  0.        ,  0.        , -0.        ],
       [ 0.        , -0.        ,  0.        ,  0.        , -0.        ,
        -0.        , -0.        , -0.        , -0.        ,  1.6916826 ],
       [-0.        ,  0.        , -0.        ,  0.        , -1.5457852 ,
         0.        ,  0.        ,  0.        , -0.        ,  0.        ],
       [-0.        , -0.        ,  0.        ,  0.        , -0.        ,
        -1.9224273 ,  0.        , -0.        , -0.        ,  0.        ],
       [-0.        , -0.        , -1.4201065 , -1.5766928 ,  0.        ,
         0.        ,  0.        , -0.        , -0.        , -0.        ],
       [ 0.        ,  0.        ,  0.        , -0.        ,  0.        ,
         0.        ,  0.        ,  0.        , -1.5957723 , -0.        ],
       [-0.        , -0.        ,  0.        , -0.        , -0.        ,
         0.        , -0.        ,  0.        ,  1.9596275 , -1.6452129 ],
       [ 0.        , -0.        , -0.        , -0.        , -0.        ,
        -0.        ,  0.        ,  0.        ,  0.        ,  0.        ],
       [ 0.        ,  0.        , -0.        , -0.        ,  0.        ,
         0.        , -0.        ,  0.        ,  0.        , -0.        ],
       [ 0.        , -0.        ,  1.671788  , -0.        , -1.4452081 ,
        -0.        , -0.        ,  0.        ,  0.        ,  0.        ],
       [ 0.        ,  0.        , -1.573086  ,  0.        , -0.        ,
        -0.        ,  0.        ,  0.        , -0.        , -0.        ],
       [-0.        ,  0.        ,  0.9492281 ,  0.        ,  0.        ,
        -0.        ,  0.        , -0.        ,  0.        , -0.        ],
       [-0.        ,  0.        ,  0.        , -0.        , -0.75480455,
         0.        , -0.        , -0.        , -0.        ,  0.        ],
       [-0.        ,  0.        ,  0.        ,  0.        , -0.        ,
         1.6741352 ,  1.35283   , -0.        , -0.        ,  0.        ],
       [-0.        ,  2.2907927 , -0.        ,  0.        , -0.        ,
        -0.        ,  0.        , -0.        , -0.        ,  0.        ],
       [-0.        ,  0.        , -0.        , -0.        ,  0.        ,
        -0.        ,  0.        ,  0.        , -0.        ,  0.        ],
       [ 0.        , -0.        , -0.        , -0.        , -0.        ,
         0.        , -0.        , -1.4668661 ,  0.        ,  0.        ],
       [ 0.        , -0.        ,  0.        ,  0.        , -0.        ,
         0.        , -0.        , -0.        ,  0.        , -0.        ],
       [-0.        , -0.        ,  0.        ,  0.        , -0.        ,
         1.2800977 , -0.        , -0.        , -0.        , -0.        ],
       [-0.        , -0.        ,  0.        ,  0.        ,  0.        ,
         0.        ,  0.        , -0.        , -0.        , -0.        ],
       [ 0.        ,  0.        ,  1.2243419 , -0.        ,  0.        ,
        -0.        ,  0.        ,  0.        ,  0.        , -1.7482047 ],
       [ 1.4328767 , -0.        ,  0.        ,  0.        ,  0.        ,
        -0.        ,  0.        , -0.        , -0.        , -0.        ],
       [-0.        ,  0.        ,  1.7854671 , -0.        ,  0.        ,
        -0.        ,  0.        , -0.        ,  0.        , -0.        ],
       [-0.        , -0.        ,  0.        ,  0.        ,  0.        ,
         0.        ,  1.0968344 , -0.        ,  0.        ,  0.        ],
       [ 0.        ,  0.        , -0.        ,  0.        ,  0.        ,
        -0.        , -0.        , -0.        , -0.        ,  0.        ],
       [-0.        , -0.        ,  0.        ,  0.        , -0.        ,
         0.        , -0.        , -0.        , -0.        ,  0.        ],
       [ 0.        , -0.        ,  0.        ,  0.        ,  0.        ,
        -0.        , -0.        , -0.        , -0.        ,  1.8149099 ],
       [ 0.        ,  0.        , -0.        , -0.        ,  0.        ,
        -0.        ,  0.        ,  2.2838614 ,  0.        , -1.263813  ],
       [ 0.        ,  0.        , -0.        , -0.        ,  0.        ,
        -0.        ,  1.9609966 , -1.3319796 , -0.        , -0.        ],
       [ 0.        ,  0.        , -0.        ,  0.        , -0.        ,
         1.5667121 , -0.        , -1.2660525 , -0.        ,  0.        ],
       [ 0.        ,  0.        , -0.        ,  0.        , -0.        ,
        -0.        , -0.        ,  0.        ,  0.        ,  0.        ],
       [ 0.        ,  0.        , -0.        , -0.        ,  0.        ,
        -1.086057  , -1.4168762 ,  0.        ,  0.        , -0.        ],
       [-0.        ,  0.        , -0.        ,  0.        , -0.        ,
        -0.        ,  0.        , -0.        , -0.        ,  0.        ],
       [ 2.1872492 , -0.        ,  0.        ,  0.        , -0.        ,
        -0.        ,  2.3821077 , -0.        , -0.        ,  0.        ],
       [-0.        , -0.        ,  0.        , -2.2606506 ,  0.        ,
        -2.351998  ,  0.        ,  0.        ,  0.        , -0.        ],
       [ 1.7333008 , -0.        ,  0.        , -0.        ,  0.        ,
        -0.        , -0.        , -0.        , -1.9099911 , -0.        ],
       [ 0.        , -2.6400027 , -0.        , -0.        , -1.7965076 ,
        -0.        , -0.        ,  0.        ,  1.2122568 , -0.        ],
       [-0.        ,  1.6821073 , -0.        ,  0.        ,  1.0699139 ,
        -2.0062249 , -0.        , -0.        ,  0.        , -0.        ],
       [-0.        , -0.        ,  0.        , -0.        , -0.        ,
        -1.744864  ,  0.        , -0.        ,  0.        ,  0.        ],
       [-0.        ,  0.        , -0.        , -0.        , -0.        ,
        -0.        ,  0.        , -0.        ,  0.        ,  0.        ],
       [-1.5190388 ,  0.        , -0.        , -0.        , -0.        ,
         0.        , -0.        , -0.        , -0.        ,  0.        ],
       [-0.        , -0.        ,  0.        ,  0.        , -0.        ,
         1.2653204 ,  0.        , -0.        , -0.        ,  0.        ],
       [ 0.        ,  0.        ,  0.        , -0.        ,  0.        ,
         0.        ,  0.        ,  0.        , -0.        , -0.        ],
       [ 0.        ,  0.        ,  0.        , -0.        , -0.        ,
         0.        , -0.        , -0.        , -0.        , -0.        ],
       [-0.        , -0.        , -0.        ,  1.3810962 ,  0.        ,
        -1.1830642 , -0.        , -0.        , -0.        ,  0.        ],
       [-0.        , -0.        ,  0.        , -1.4552209 ,  0.        ,
         0.        , -0.        ,  0.        ,  1.2908881 , -0.        ],
       [-0.        , -0.        ,  0.        ,  1.1383911 , -0.        ,
         0.        ,  0.        ,  0.        , -0.        ,  0.        ],
       [-0.        , -0.        , -1.5466946 ,  0.        , -0.        ,
         0.        ,  0.        , -0.        , -0.        ,  1.7301414 ],
       [ 0.        ,  0.        , -0.        ,  0.        ,  0.        ,
         0.        ,  0.        , -1.554854  , -0.        , -0.        ],
       [ 0.        , -0.        ,  0.        , -0.        ,  0.        ,
         0.        , -0.        , -0.        ,  0.        , -2.2321827 ],
       [ 0.        , -0.        , -0.        , -0.        , -1.7007726 ,
        -0.        , -0.        ,  0.        ,  0.        ,  2.1180904 ],
       [ 0.        ,  0.        ,  1.7727079 ,  0.        ,  0.        ,
        -0.        ,  0.        ,  0.        , -0.        , -0.        ],
       [-0.        , -0.        ,  0.        ,  0.        , -2.3235283 ,
        -0.        , -1.1459377 , -0.        , -0.        , -0.        ],
       [ 2.1641273 , -0.        , -0.        ,  0.        ,  0.        ,
        -0.        ,  0.        , -0.        ,  0.        ,  1.6014318 ],
       [-1.8560716 , -0.        ,  0.        ,  0.        , -0.        ,
         0.        , -2.0447276 ,  0.        , -0.        ,  0.        ],
       [-0.        ,  1.6711928 , -0.        ,  0.        , -0.        ,
         0.        , -0.        , -0.        ,  0.        ,  0.        ],
       [ 0.        ,  0.        ,  1.5241971 ,  0.        ,  0.        ,
        -0.        ,  0.        , -0.        , -0.        , -0.        ],
       [ 0.        ,  0.        , -0.        ,  0.        , -0.        ,
        -0.        , -0.        , -0.        ,  0.        ,  0.        ]],
      dtype=float32)
 array([ 0.10319525,  0.30891418,  0.10031725,  0.07603612, -0.06486223,
        0.36931446, -0.08090097,  0.27329442, -0.73218644, -0.22344512],
      dtype=float32)]