FC Layer, 300 (Glorot Init.) Original_Weights[array([[ 0.,  0.,  0., ..., -0.,  0.,  0.],
       [ 0., -0., -0., ..., -0.,  0., -0.],
       [ 0.,  0., -0., ..., -0., -0., -0.],
       ...,
       [ 0.,  0., -0., ...,  0.,  0.,  0.],
       [ 0., -0., -0., ...,  0.,  0., -0.],
       [-0., -0., -0., ..., -0., -0., -0.]], dtype=float32)
 array([-0.15563871,  0.04812175,  0.10462737,  0.3473123 ,  0.        ,
       -0.16510208,  0.0709396 , -0.07839013,  0.        ,  0.2998203 ,
       -0.01925052, -0.38887432,  0.10457323, -0.00977336, -0.1533836 ,
        0.12223991,  0.01280396,  0.        ,  0.        , -0.19530746,
       -0.0645836 ,  0.18799148,  0.        ,  0.        ,  0.15565671,
        0.25545534,  0.        , -0.16501945,  0.        ,  0.10390366,
        0.        ,  0.09294707,  0.        , -0.03510741, -0.03342561,
        0.1104769 ,  0.        ,  0.11400584,  0.25759208, -0.05616822,
        0.        ,  0.        ,  0.00465931, -0.24495476,  0.        ,
        0.24338979,  0.        ,  0.05090857,  0.03141418,  0.        ,
       -0.2522804 , -0.19544317, -0.3669505 , -0.06400758,  0.08759037,
        0.        ,  0.0177532 ,  0.        ,  0.00559077,  0.11223726,
        0.07473059,  0.11599135,  0.        ,  0.        ,  0.        ,
        0.25172678,  0.        , -0.25988266,  0.14280947,  0.02207435,
       -0.02400458,  0.19822966,  0.        ,  0.        ,  0.        ,
       -0.02980237,  0.        , -0.04042086,  0.        , -0.10672487,
       -0.24441524,  0.09362193,  0.0945807 ,  0.061217  ,  0.26318732,
        0.11408509, -0.15655792,  0.        ,  0.        , -0.20601948,
        0.09931424, -0.09880008,  0.06051271,  0.19517696, -0.18775971,
        0.        ,  0.06821205, -0.13397886, -0.22411104,  0.1997054 ,
       -0.02867003, -0.1524075 , -0.31302828, -0.07741711, -0.01413374,
       -0.20555347, -0.44465923,  0.10314194,  0.16018124, -0.12479368,
       -0.04154979, -0.02120726,  0.        ,  0.04710848,  0.        ,
       -0.03049997,  0.11856835,  0.14328341,  0.        , -0.11609489,
        0.        , -0.25417608,  0.19748944,  0.10591175,  0.        ,
        0.10116652,  0.        , -0.06867079, -0.3389577 , -0.1582172 ,
       -0.18102816, -0.03935451,  0.01459251,  0.        , -0.01227276,
        0.3518683 , -0.0278039 ,  0.        ,  0.0969716 ,  0.        ,
        0.        ,  0.40120694,  0.06478005,  0.        , -0.06637166,
        0.14838015, -0.33056858, -0.15184487, -0.04168177,  0.        ,
        0.        ,  0.15117328,  0.12244252, -0.12408709,  0.        ,
       -0.08155899,  0.        , -0.02336372, -0.318387  , -0.2270099 ,
        0.        , -0.19821352,  0.17017104,  0.15365748,  0.        ,
        0.09732442, -0.09910461,  0.        ,  0.07253155,  0.04493478,
        0.        ,  0.        ,  0.        ,  0.        ,  0.        ,
        0.        ,  0.09876009,  0.00421636, -0.01209956,  0.        ,
        0.12179868,  0.05832471,  0.18648243,  0.08156588,  0.        ,
       -0.0572964 , -0.15042579,  0.04989756,  0.09520677, -0.12542853,
        0.        ,  0.13807094,  0.02371165, -0.32363364,  0.        ,
       -0.11614095,  0.1500743 ,  0.10920588,  0.26112998, -0.00332738,
       -0.10541444, -0.30317122,  0.        ,  0.27142215, -0.04314718,
        0.18935947, -0.24583887, -0.1566931 ,  0.02022621, -0.02429273,
       -0.01255785,  0.04865101,  0.29175413, -0.17514749, -0.22937949,
        0.        ,  0.34717986, -0.0463634 , -0.06526278,  0.07349087,
        0.09292424,  0.33645985,  0.3119509 ,  0.10039533,  0.        ,
        0.2529779 ,  0.        , -0.05922963, -0.18924306,  0.        ,
        0.13105258, -0.13515496,  0.        ,  0.12635495,  0.        ,
       -0.39932472, -0.04837198,  0.03425122,  0.02658876,  0.17346123,
       -0.16259582,  0.05148934,  0.        ,  0.        , -0.06696264,
        0.19791117,  0.14795958, -0.23185755,  0.13660356,  0.03332083,
       -0.06211431,  0.        , -0.11759525, -0.00211615,  0.        ,
        0.        ,  0.1582694 , -0.00753933,  0.        ,  0.        ,
       -0.06484392, -0.4322654 ,  0.08562155,  0.        ,  0.19207734,
        0.        ,  0.27458355,  0.0325194 , -0.18938664,  0.        ,
       -0.38041323, -0.2020457 ,  0.        , -0.1875642 ,  0.        ,
        0.14573723,  0.11083337, -0.04407158,  0.14075737, -0.13051938,
        0.08128165, -0.05679882,  0.        ,  0.        ,  0.        ,
       -0.03529161,  0.03055538,  0.06086946,  0.        ,  0.23608121,
        0.10478634,  0.09483048,  0.00857427,  0.05754347,  0.        ,
        0.38029325,  0.        , -0.37257758, -0.14126754,  0.00147702],
      dtype=float32)]FC Layer, 100 (Glorot Init.) Original_Weights[array([[-0.        , -0.        ,  0.        , ..., -0.        ,
        -0.        , -0.        ],
       [ 0.        ,  0.        ,  0.        , ..., -0.        ,
        -0.        , -0.11014882],
       [-0.        ,  0.        ,  0.        , ..., -0.        ,
         0.        , -0.        ],
       ...,
       [ 0.        , -0.        ,  0.        , ..., -0.        ,
        -0.        , -0.        ],
       [ 0.        ,  0.        ,  0.        , ..., -0.        ,
        -0.        , -0.        ],
       [ 0.        , -0.        ,  0.        , ..., -0.        ,
        -0.        ,  0.        ]], dtype=float32)
 array([ 0.00000000e+00,  0.00000000e+00,  1.00045644e-01, -6.97085038e-02,
        0.00000000e+00,  1.03931576e-01, -3.61935914e-01,  1.02622658e-01,
       -6.09081864e-01,  1.10855582e-03,  7.82337412e-02, -1.05995432e-01,
        2.90379435e-01,  2.45193496e-01,  3.79994027e-02, -5.12741730e-02,
       -3.31226945e-01, -2.23546606e-02,  3.20944458e-01,  0.00000000e+00,
        1.45749032e-01,  9.43634950e-06,  3.35884243e-01, -2.69485056e-01,
        2.33623564e-01,  4.02786642e-01, -2.39979357e-01, -2.69420624e-01,
       -4.47148606e-02,  0.00000000e+00,  6.72083557e-01,  6.49909899e-02,
       -1.77532107e-01, -3.42984885e-01,  3.03898025e-02, -3.18215758e-01,
        1.34736031e-01, -3.34988058e-01,  9.29472223e-02,  2.74647716e-02,
       -2.85715938e-01, -9.36972499e-02, -2.11378690e-02,  4.58573326e-02,
       -2.87567638e-03, -9.78597328e-02, -6.20413758e-02,  2.53113031e-01,
        1.00977592e-01,  0.00000000e+00,  0.00000000e+00,  2.60213047e-01,
       -1.69968352e-01, -1.73284546e-01,  3.30593139e-02,  3.38339746e-01,
        1.04664341e-01,  0.00000000e+00,  1.44252494e-01,  0.00000000e+00,
        4.41272631e-02, -2.38516871e-02,  1.03557366e-03,  7.47005269e-02,
        8.09963867e-02, -1.30974710e-01,  0.00000000e+00,  0.00000000e+00,
        2.89610233e-02,  3.81762445e-01, -8.34589675e-02,  8.79597012e-03,
        0.00000000e+00, -3.87372106e-01,  0.00000000e+00, -1.26166880e-01,
        5.80954440e-02,  2.03705877e-01, -1.22574970e-01, -1.23132564e-01,
       -1.55620232e-01,  0.00000000e+00,  1.04336128e-01,  2.69478679e-01,
        0.00000000e+00,  0.00000000e+00, -2.11842820e-01, -2.50763834e-01,
       -1.41386434e-01, -1.56194806e-01, -3.45171809e-01,  6.69237673e-02,
       -4.41772044e-01, -9.25693586e-02, -2.36375898e-01, -2.40257859e-01,
        4.43928689e-01,  1.64143518e-01,  4.79284301e-02,  0.00000000e+00],
      dtype=float32)]FC Layer, 10 (Softmax) Original_Weights[array([[ 0.        , -0.        ,  0.        , -0.        , -0.        ,
        -0.        ,  0.        ,  0.        ,  0.        ,  0.        ],
       [-0.        , -0.        ,  0.        ,  0.        ,  0.        ,
        -0.        ,  0.        ,  0.        , -0.        , -0.        ],
       [ 0.        , -0.        ,  0.        ,  0.        ,  1.2617276 ,
        -0.        , -0.        ,  1.5562308 , -1.9502143 ,  0.        ],
       [ 0.        , -0.        ,  1.1929289 ,  0.        ,  0.        ,
        -0.        , -0.        ,  0.        ,  0.        , -0.        ],
       [ 0.        , -0.        , -0.        ,  0.        , -0.        ,
        -0.        , -0.        ,  0.        ,  0.        , -0.        ],
       [-0.        ,  0.        , -0.        , -0.        , -0.        ,
         1.561356  , -1.9754847 , -0.        , -0.        ,  0.        ],
       [-0.        , -0.        , -0.        , -1.8629148 , -0.        ,
        -0.        ,  0.        , -1.69059   , -0.        ,  0.        ],
       [-0.        ,  0.        ,  0.        , -0.        , -0.        ,
         0.        ,  0.        , -1.8105346 , -0.        ,  0.        ],
       [-0.        ,  0.        ,  0.        ,  0.        ,  0.        ,
        -0.        , -0.        ,  0.        ,  1.1673081 , -0.        ],
       [ 0.        ,  1.6045575 , -0.        ,  0.        ,  0.        ,
        -0.        ,  1.7177728 , -0.        ,  0.        ,  0.        ],
       [ 0.        ,  0.        ,  0.        , -0.        ,  0.        ,
         0.        , -1.7667768 , -0.        , -0.        ,  0.        ],
       [-0.        , -1.6755598 ,  0.        , -0.        ,  0.        ,
        -0.        , -0.        , -0.        ,  0.        , -0.        ],
       [-1.5220505 ,  0.        , -0.        , -0.        , -0.        ,
         0.        , -0.        , -0.        , -2.150289  ,  0.        ],
       [-0.        , -0.        , -0.        ,  1.8378922 ,  0.        ,
         0.        ,  0.        ,  0.        , -0.        ,  0.        ],
       [ 0.        ,  0.        , -0.        , -0.        ,  1.8290523 ,
         0.        , -0.        ,  0.        ,  0.        , -0.        ],
       [ 0.        ,  0.        , -0.        , -0.        , -0.        ,
        -1.6468929 , -0.        , -0.        , -0.        ,  0.        ],
       [-0.        ,  0.        ,  0.        , -1.8171299 ,  0.        ,
         0.        ,  0.        , -0.        , -0.        ,  0.        ],
       [ 0.        , -0.        ,  0.        ,  0.9303775 , -0.        ,
        -1.5558513 , -0.        , -0.        ,  0.        ,  0.        ],
       [-0.        ,  0.        ,  0.        ,  0.        ,  0.        ,
        -0.        , -0.        ,  0.        , -1.3697398 , -0.        ],
       [-0.        ,  0.        ,  0.        ,  0.        ,  0.        ,
         0.        ,  0.        , -0.        , -0.        , -0.        ],
       [-1.3914573 ,  0.        , -1.4346306 , -0.        , -0.        ,
         0.        ,  0.        , -0.        , -0.        ,  0.        ],
       [-0.        ,  0.        , -1.624017  , -0.        , -0.        ,
        -0.        ,  1.8687578 , -0.        , -0.        ,  0.        ],
       [-0.        , -0.        ,  1.4734509 , -0.        , -0.        ,
         0.        , -0.        ,  0.        , -0.        ,  0.        ],
       [-0.        , -1.8904504 ,  0.        ,  0.        ,  1.2371277 ,
        -0.        , -0.        ,  0.        , -0.        , -0.        ],
       [ 0.        , -0.        , -0.        ,  0.        , -0.        ,
        -0.        ,  0.        ,  1.586915  , -0.        ,  0.        ],
       [-1.3979893 ,  0.        ,  0.        , -0.        , -0.        ,
         0.        , -1.4165658 , -0.        , -0.        ,  1.4448719 ],
       [ 0.        ,  0.        , -0.        , -0.        ,  1.6171994 ,
        -0.        ,  0.        , -1.2115629 ,  0.        , -0.        ],
       [ 0.        , -1.3656876 , -0.        ,  0.        ,  0.        ,
        -0.        ,  0.        , -0.        ,  1.2088525 , -0.        ],
       [ 0.        ,  0.        ,  0.        , -1.5021311 ,  1.2661023 ,
        -0.        , -0.        , -0.        ,  0.        , -0.        ],
       [ 0.        ,  0.        , -0.        , -0.        ,  0.        ,
        -0.        , -0.        ,  0.        ,  0.        , -0.        ],
       [ 0.        , -0.        , -0.        ,  0.        ,  0.        ,
        -0.        ,  0.        ,  1.1384966 , -2.1482239 ,  0.        ],
       [ 0.        ,  0.        , -0.        , -1.578824  ,  2.0952497 ,
        -0.        , -0.        ,  0.        ,  0.        ,  1.2764456 ],
       [ 0.        , -2.12823   , -1.9996587 , -0.        , -0.        ,
         0.        ,  0.        , -0.        , -0.        ,  0.        ],
       [ 0.        ,  0.        ,  0.        ,  0.        ,  0.        ,
        -1.9134825 , -0.        ,  0.        , -0.        , -0.        ],
       [ 1.6820257 , -0.        , -0.        ,  0.        ,  0.        ,
        -0.        ,  0.        ,  0.        ,  0.        , -0.        ],
       [ 1.7819701 ,  0.        ,  0.        ,  0.        ,  0.        ,
         0.        ,  1.365589  , -0.        , -0.        , -0.        ],
       [-0.        , -0.        ,  0.        , -1.4220443 ,  0.        ,
        -0.        , -0.        , -0.        ,  0.        , -0.        ],
       [ 0.        ,  0.        , -0.        , -0.        ,  0.        ,
         0.        ,  1.4757555 , -0.        ,  0.        , -0.        ],
       [ 0.        ,  1.6355593 , -0.        ,  0.        ,  0.        ,
         0.        , -0.        ,  0.        ,  0.        , -0.        ],
       [-0.        ,  1.9500285 , -1.0642867 ,  0.        , -0.        ,
        -0.        , -0.        ,  0.        ,  0.        , -0.        ],
       [-0.        ,  0.        ,  0.        , -0.        , -0.        ,
        -1.4078449 , -2.3386111 , -0.        , -0.        ,  0.        ],
       [ 0.        , -0.        ,  0.        ,  0.        ,  1.4620936 ,
        -0.        , -0.        ,  0.        ,  0.        , -0.        ],
       [ 0.        , -0.        ,  1.6442214 ,  0.        ,  0.        ,
        -0.        , -0.        ,  0.        ,  0.        , -0.        ],
       [ 0.        , -0.        ,  0.        ,  0.        , -0.        ,
        -0.        , -0.        , -0.        ,  0.        ,  1.4677336 ],
       [-0.        ,  0.        , -0.        , -0.        , -1.4757527 ,
         0.        ,  0.        , -0.        , -0.        ,  0.        ],
       [ 0.        ,  0.        ,  0.        ,  0.        ,  0.        ,
        -1.9296458 , -0.        ,  0.        ,  0.        , -0.        ],
       [ 0.        , -0.        , -1.8406206 , -1.3412274 ,  0.        ,
        -0.        ,  0.        , -0.        , -0.        ,  1.0177684 ],
       [-0.        , -0.        ,  0.        , -0.98570454,  0.        ,
        -0.        ,  0.        , -0.        , -1.4979548 ,  0.        ],
       [-0.        , -0.        , -0.        , -0.        , -0.        ,
         0.        , -0.        ,  0.        ,  1.8272722 , -1.5704203 ],
       [ 0.        , -0.        , -0.        , -0.        , -0.        ,
        -0.        ,  0.        ,  0.        ,  0.        ,  0.        ],
       [ 0.        ,  0.        , -0.        , -0.        ,  0.        ,
         0.        , -0.        ,  0.        ,  0.        , -0.        ],
       [-0.        , -0.        ,  1.4365281 ,  0.        , -1.2707999 ,
         0.        ,  0.        ,  0.        ,  0.        ,  0.        ],
       [ 0.        ,  0.        , -1.4157803 ,  0.        ,  0.        ,
        -0.        , -0.        , -0.        ,  0.        , -0.        ],
       [ 0.        , -0.        ,  1.2936133 ,  0.        , -0.        ,
        -0.        , -0.        ,  0.        ,  0.        , -0.        ],
       [-0.        , -0.        ,  0.        ,  0.        , -1.7043473 ,
        -0.        ,  0.        , -0.        ,  0.        , -0.        ],
       [-0.        , -0.        ,  0.        ,  0.        ,  0.        ,
         1.3640871 ,  1.2560538 ,  0.        ,  0.        , -0.        ],
       [ 0.        ,  2.0853202 ,  0.        ,  0.        , -0.        ,
        -0.        , -0.        , -0.        ,  0.        ,  0.        ],
       [-0.        ,  0.        , -0.        , -0.        ,  0.        ,
        -0.        ,  0.        ,  0.        , -0.        ,  0.        ],
       [-0.        ,  0.        ,  0.        , -0.        , -0.        ,
         0.        ,  0.        , -1.4925163 , -0.        ,  0.        ],
       [ 0.        , -0.        ,  0.        ,  0.        , -0.        ,
         0.        , -0.        , -0.        ,  0.        , -0.        ],
       [ 0.        ,  0.        ,  0.        ,  0.        ,  0.        ,
         1.3793128 , -0.        ,  0.        ,  0.        , -0.        ],
       [-0.        , -0.        , -0.        ,  0.        ,  1.0311652 ,
        -0.        , -0.        ,  0.        ,  0.        ,  0.        ],
       [-0.        , -0.        ,  1.2695187 ,  0.        ,  0.        ,
         0.        ,  0.        , -0.        , -0.        , -1.6217974 ],
       [ 1.3090833 , -0.        , -0.        ,  0.        ,  0.        ,
        -0.        ,  0.        , -0.        , -0.        , -0.        ],
       [ 0.        ,  0.        ,  1.7906786 , -0.        ,  0.        ,
        -0.        , -0.        ,  0.        ,  0.        , -0.        ],
       [-0.        , -0.        ,  0.        ,  0.        , -0.        ,
        -0.        ,  1.2210869 ,  0.        ,  0.        ,  0.        ],
       [ 0.        ,  0.        , -0.        ,  0.        ,  0.        ,
        -0.        , -0.        , -0.        , -0.        ,  0.        ],
       [-0.        , -0.        ,  0.        ,  0.        , -0.        ,
         0.        , -0.        , -0.        , -0.        ,  0.        ],
       [ 0.        ,  0.        , -0.        ,  0.        , -0.85555786,
        -0.        , -0.        ,  0.        ,  0.        ,  1.4720521 ],
       [ 0.        , -0.        , -0.        ,  0.        ,  0.        ,
        -0.        ,  0.        ,  1.8958136 ,  0.        , -1.2576419 ],
       [ 0.        , -0.        , -0.        ,  0.        ,  0.        ,
        -0.        ,  2.019978  , -1.3503009 ,  0.        , -0.        ],
       [ 0.        ,  0.        , -0.        , -0.        , -0.        ,
         1.8378226 ,  0.        , -2.0865798 , -0.        ,  0.        ],
       [ 0.        , -0.        , -0.        ,  0.        ,  0.        ,
        -0.        , -0.        ,  0.        ,  0.        , -0.        ],
       [-0.        , -0.        , -0.        , -0.        ,  0.        ,
        -1.1875013 , -1.552011  , -0.        , -0.        ,  0.        ],
       [-0.        ,  0.        , -0.        ,  0.        , -0.        ,
        -0.        ,  0.        , -0.        , -0.        ,  0.        ],
       [ 2.056566  , -0.        , -0.        ,  0.        , -0.        ,
        -0.        ,  2.1858428 ,  0.        ,  0.        , -0.        ],
       [-0.        , -0.        ,  0.        , -1.960772  , -0.        ,
        -2.0383198 ,  0.        ,  0.        ,  0.        ,  0.        ],
       [ 1.8797076 , -0.        ,  1.108152  ,  0.        ,  0.        ,
        -0.        , -0.        ,  0.        , -1.6980819 , -0.        ],
       [ 0.        , -1.9966706 , -0.        ,  0.        , -1.6943734 ,
         0.        , -0.        , -0.        ,  1.3388267 ,  0.        ],
       [ 0.        ,  1.376322  , -0.        , -0.        ,  1.1999921 ,
        -1.8550845 , -0.        ,  0.        ,  0.        , -0.        ],
       [-0.        ,  0.        ,  0.        ,  0.        ,  0.        ,
        -1.7854258 , -0.        , -0.        ,  0.        , -0.        ],
       [-0.        ,  0.        , -0.        , -0.        , -0.        ,
        -0.        ,  0.        , -0.        ,  0.        ,  0.        ],
       [-1.5127022 ,  0.        ,  0.        ,  1.0802838 , -0.        ,
         0.        ,  0.        ,  0.        ,  0.        ,  0.        ],
       [-0.        , -0.        ,  0.        ,  0.        , -0.        ,
         1.5136373 , -0.        ,  0.        , -0.        , -0.        ],
       [ 0.        ,  0.        , -0.        , -0.        ,  0.        ,
         0.        , -0.        ,  0.        ,  0.        , -0.        ],
       [ 0.        ,  0.        ,  0.        , -0.        , -0.        ,
         0.        , -0.        , -0.        , -0.        , -0.        ],
       [ 0.        , -0.        , -0.        ,  1.3242248 , -0.        ,
        -1.4739479 , -0.        ,  0.        ,  0.        , -0.        ],
       [-0.        , -0.        ,  0.        , -1.2649881 , -0.        ,
         0.        ,  0.        ,  0.        ,  1.5464808 ,  0.        ],
       [-0.        , -1.0190579 ,  0.        ,  1.2747842 , -0.        ,
        -0.        ,  0.        ,  0.        , -0.        ,  0.        ],
       [-0.        ,  0.        , -1.611042  , -0.        , -0.        ,
        -0.        ,  0.        , -0.        , -0.        ,  1.3312916 ],
       [ 0.        ,  0.        ,  0.        , -0.        ,  0.        ,
         0.        ,  0.        , -1.5897411 ,  0.        , -0.        ],
       [-0.        , -0.        , -0.        ,  0.        ,  0.        ,
         0.        ,  0.        , -0.        ,  0.        , -2.0401745 ],
       [ 0.        , -1.1767676 , -0.        ,  0.        , -1.8165431 ,
         0.        , -0.        , -0.        ,  0.        ,  2.1886592 ],
       [ 0.        ,  0.        ,  1.6902782 , -0.        ,  0.        ,
         0.        , -0.        , -0.        ,  0.        , -0.        ],
       [ 0.        , -0.        , -0.        ,  0.        , -1.697886  ,
         0.        , -1.2074832 , -0.        , -0.        ,  0.        ],
       [ 1.9540883 , -0.        ,  0.        ,  0.        ,  0.        ,
        -0.        ,  0.        , -0.        ,  0.        ,  1.8329742 ],
       [-1.7669147 ,  0.        , -0.        , -0.        , -0.        ,
         0.        , -1.5817283 , -0.        , -0.        ,  0.        ],
       [ 0.        ,  1.5148501 ,  0.        ,  0.        , -0.        ,
        -0.        , -0.        ,  0.        ,  0.        , -0.        ],
       [ 0.        ,  0.        ,  1.6658367 , -0.        ,  0.        ,
         0.        , -0.        , -0.        ,  0.        , -0.        ],
       [ 0.        ,  0.        , -0.        ,  0.        , -0.        ,
        -0.        , -0.        , -0.        ,  0.        , -0.        ]],
      dtype=float32)
 array([ 0.19375402,  0.48603463,  0.17250842,  0.00139232, -0.10539856,
        0.38345632, -0.08464406,  0.2577575 , -0.6437002 , -0.4044283 ],
      dtype=float32)]