FC Layer, 300 (Glorot Init.) Original_Weights[array([[ 0.,  0.,  0., ..., -0.,  0.,  0.],
       [ 0., -0., -0., ..., -0.,  0., -0.],
       [ 0.,  0., -0., ..., -0., -0., -0.],
       ...,
       [ 0.,  0., -0., ...,  0.,  0.,  0.],
       [ 0., -0., -0., ...,  0.,  0., -0.],
       [-0., -0., -0., ..., -0., -0., -0.]], dtype=float32)
 array([-1.11415885e-01,  4.53622900e-02, -6.36100173e-02,  2.01819867e-01,
        0.00000000e+00, -1.11045726e-01, -1.92386843e-02,  5.86220808e-02,
        0.00000000e+00,  2.04563364e-01, -1.41185233e-02, -2.28670046e-01,
        6.65837005e-02,  2.05739141e-02, -1.44092619e-01,  1.19007871e-01,
       -1.62764452e-02,  0.00000000e+00,  0.00000000e+00, -3.01546901e-02,
        2.71415561e-02,  1.41833454e-01,  0.00000000e+00, -1.93742260e-01,
        1.26490116e-01,  2.75868297e-01,  0.00000000e+00, -1.99846417e-01,
        0.00000000e+00,  1.43377289e-01,  0.00000000e+00,  1.84884474e-01,
        0.00000000e+00,  6.57378882e-02, -2.47258935e-02,  2.67871320e-02,
        0.00000000e+00,  8.45185369e-02,  2.71778136e-01, -1.39788806e-01,
        4.05276529e-02,  0.00000000e+00, -5.17749898e-02, -3.25424671e-01,
        0.00000000e+00,  4.09827560e-01,  0.00000000e+00,  1.28097877e-01,
       -1.16697080e-01,  2.25674093e-01, -1.05422199e-01, -1.29482657e-01,
       -2.25774288e-01, -2.81460565e-02,  5.94795942e-02,  0.00000000e+00,
       -1.14968605e-02, -1.99255660e-01,  1.35826692e-01,  1.57681420e-01,
        1.13788746e-01, -1.04549617e-01,  0.00000000e+00,  0.00000000e+00,
       -3.39030251e-02,  2.24762380e-01,  0.00000000e+00, -2.98812836e-01,
        1.40417874e-01,  2.48685349e-02,  1.60472449e-02,  2.11533219e-01,
        0.00000000e+00,  0.00000000e+00,  0.00000000e+00, -2.32412994e-01,
        0.00000000e+00, -1.21098317e-01,  0.00000000e+00, -4.54378091e-02,
       -1.04625069e-01,  1.91736534e-01,  2.24900827e-01,  1.67224780e-01,
        2.05703899e-01,  9.08729658e-02, -1.55080929e-01,  3.57453935e-02,
        0.00000000e+00, -1.42193824e-01,  6.28206283e-02, -1.97548196e-02,
       -2.77790986e-02,  1.75909102e-01, -4.70219404e-02, -4.63668853e-02,
       -9.04143825e-02, -1.51740953e-01,  4.86571305e-02,  1.47270575e-01,
       -7.69279376e-02, -4.00087275e-02, -2.45910928e-01, -1.24022648e-01,
       -5.87695800e-02, -8.01392123e-02, -1.39635816e-01, -3.40722501e-04,
        1.34157851e-01, -2.89695919e-01, -9.45886597e-02,  2.56079771e-02,
        6.15540892e-02,  6.07688949e-02,  0.00000000e+00, -4.77484614e-02,
        6.60049096e-02,  2.12350525e-02,  0.00000000e+00, -1.01800896e-01,
        0.00000000e+00, -3.25918674e-01, -7.34940544e-02,  5.00729233e-02,
        0.00000000e+00,  2.82142073e-01,  0.00000000e+00, -6.48651719e-02,
       -2.64827311e-01, -1.03308313e-01, -2.38131046e-01,  1.23261288e-02,
        8.49708468e-02,  0.00000000e+00,  1.04430097e-03,  2.06486657e-01,
        2.42222589e-03,  0.00000000e+00,  3.58611308e-02, -9.03842673e-02,
        4.93782200e-02, -2.39202119e-02,  4.63688225e-02,  0.00000000e+00,
       -6.75720498e-02,  1.30348727e-01,  7.59261250e-02, -2.17834413e-01,
       -1.48187160e-01,  0.00000000e+00,  0.00000000e+00,  2.32193530e-01,
        1.09901853e-01,  1.23391859e-02,  0.00000000e+00, -4.01697196e-02,
       -1.34760097e-01,  4.68504801e-02, -2.93468714e-01, -2.84088105e-01,
        0.00000000e+00, -2.22988725e-01,  1.96641594e-01,  2.49984190e-01,
        0.00000000e+00,  5.40512577e-02, -8.27735588e-02,  0.00000000e+00,
        3.66488993e-02,  1.28731783e-02,  0.00000000e+00,  0.00000000e+00,
       -1.20860226e-01,  0.00000000e+00,  1.22379534e-01, -2.72935718e-01,
        1.85265895e-02,  3.65831517e-02,  2.03523040e-01, -8.59784633e-02,
        2.53528934e-02, -5.17599937e-03, -7.47403800e-02,  9.44617614e-02,
        0.00000000e+00, -4.18408103e-02, -1.66048342e-03, -1.79013819e-01,
        1.37378529e-01, -1.76947877e-01,  0.00000000e+00,  1.80934995e-01,
        4.04900499e-02, -3.33972812e-01,  0.00000000e+00, -4.69206646e-02,
        1.05978303e-01, -2.56390214e-01,  3.68592530e-01, -3.63625512e-02,
        2.79375836e-02, -2.04849645e-01,  0.00000000e+00,  2.74522454e-01,
       -1.91153511e-01,  2.63946861e-01, -9.87830460e-02, -1.10164985e-01,
        8.34234133e-02,  7.15848058e-03, -1.70252267e-02,  9.98006687e-02,
        2.63860911e-01, -1.65155068e-01, -1.65207162e-01,  0.00000000e+00,
        2.70335883e-01,  3.54704894e-02,  2.68100835e-02,  5.17772399e-02,
        4.96038720e-02,  3.59027833e-02,  2.45758116e-01,  6.04226291e-02,
       -2.09668517e-01,  2.35487446e-01,  0.00000000e+00, -1.37119219e-01,
       -2.52597243e-01,  9.83729735e-02, -1.71656758e-01, -1.64230451e-01,
        0.00000000e+00,  1.47054181e-01,  0.00000000e+00, -1.04691595e-01,
       -2.29938291e-02, -1.12379059e-01,  7.26756230e-02,  1.63653567e-01,
       -2.08562821e-01,  1.50890619e-01,  1.92917362e-01, -1.01490557e-01,
       -7.94926211e-02,  1.48660228e-01,  7.15004802e-02, -2.48007327e-01,
       -7.59690162e-03,  1.06682740e-01, -1.43713966e-01,  0.00000000e+00,
       -1.00533195e-01,  6.91447482e-02,  0.00000000e+00,  0.00000000e+00,
        1.78265408e-01,  9.44622606e-03,  1.29234577e-02, -1.06218629e-01,
       -1.89574137e-02, -2.92069465e-01,  1.97023660e-01,  0.00000000e+00,
        1.28040463e-01,  0.00000000e+00,  2.02902317e-01,  9.77039058e-03,
       -2.46770129e-01,  0.00000000e+00, -1.66332081e-01, -9.18799490e-02,
        0.00000000e+00, -8.92583206e-02,  0.00000000e+00,  2.02029064e-01,
        1.95304170e-01, -5.43410629e-02,  8.22588205e-02, -1.65615171e-01,
        1.51311710e-01, -1.46885768e-01, -1.99933201e-01,  0.00000000e+00,
        1.63820788e-01,  5.56892157e-02, -4.89957556e-02,  2.32098088e-01,
        0.00000000e+00,  5.00827312e-01, -1.16024008e-02,  1.91230699e-01,
        2.32340693e-02, -5.82656376e-02,  0.00000000e+00,  2.32974648e-01,
        0.00000000e+00, -2.81919390e-01, -2.60472447e-01, -6.82397783e-02],
      dtype=float32)]FC Layer, 100 (Glorot Init.) Original_Weights[array([[-0.       , -0.       ,  0.       , ..., -0.       ,  0.       ,
        -0.       ],
       [ 0.       ,  0.       ,  0.       , ..., -0.       , -0.       ,
        -0.8593693],
       [-0.       ,  0.       , -0.       , ...,  0.       , -0.       ,
         0.       ],
       ...,
       [ 0.       , -0.       , -0.       , ..., -0.       , -0.       ,
         0.       ],
       [ 0.       ,  0.       ,  0.       , ..., -0.       , -0.       ,
         0.       ],
       [ 0.       , -0.       , -0.       , ...,  0.       ,  0.       ,
         0.       ]], dtype=float32)
 array([ 0.        ,  0.        ,  0.18964769, -0.01423909, -0.18186037,
        0.10573744, -0.13462482,  0.02525196, -0.7174683 ,  0.03688973,
       -0.01875626, -0.30320746,  0.24636556,  0.30500787,  0.00849794,
       -0.10403055, -0.1887403 , -0.02698517,  0.11232589,  0.        ,
        0.07381632,  0.02010113,  0.23700921, -0.21675321,  0.19382358,
        0.26292133, -0.25531715, -0.3921362 , -0.0599846 ,  0.        ,
        0.33639252,  0.00943599, -0.12188071, -0.300878  ,  0.07743523,
       -0.20742948,  0.25264752, -0.12138676,  0.07270756, -0.01224698,
       -0.14583263, -0.08207019, -0.02790234,  0.08671067, -0.21326847,
       -0.07397407, -0.30159014,  0.36128753, -0.06483214,  0.        ,
        0.        , -0.01243045, -0.19258928, -0.11713079,  0.06250794,
        0.22995166,  0.05605489,  0.        ,  0.07682955,  0.        ,
        0.24317949, -0.13468304,  0.04422586,  0.1288806 ,  0.0769636 ,
       -0.12691537,  0.        ,  0.        , -0.07133666,  0.40332052,
       -0.16809183,  0.00866292, -0.09853011, -0.4496773 ,  0.        ,
       -0.15017366,  0.05725402,  0.14353451, -0.08814697, -0.05866723,
       -0.11911892,  0.        ,  0.09786611,  0.01933836, -0.21628788,
        0.        , -0.18294635, -0.12859699, -0.26911378, -0.2779085 ,
       -0.2224695 ,  0.07991767, -0.18399137, -0.07391862, -0.09789637,
       -0.20246576,  0.32413247,  0.01513043, -0.00851589, -0.03748068],
      dtype=float32)]FC Layer, 10 (Softmax) Original_Weights[array([[ 0.        , -0.        ,  0.        , -0.        , -0.        ,
        -0.        ,  0.        ,  0.        ,  0.        ,  0.        ],
       [-0.        ,  0.        , -0.        ,  0.        ,  0.        ,
        -0.        ,  0.        ,  0.        , -0.        ,  0.        ],
       [-0.        ,  0.        ,  0.        , -0.        ,  1.1673061 ,
        -0.        ,  0.        ,  1.4460931 , -1.6792455 , -0.        ],
       [-0.        ,  0.        ,  1.2815479 , -0.        , -0.        ,
        -0.        ,  0.        ,  0.        , -0.        ,  0.        ],
       [-0.        ,  0.        ,  0.        ,  0.        ,  0.        ,
        -0.        ,  0.        , -0.        , -0.        ,  1.0740793 ],
       [-0.        , -0.        ,  0.        , -0.        , -0.        ,
         1.2821795 , -1.9456227 ,  0.        , -0.        , -0.        ],
       [-0.        , -0.        ,  0.        , -1.5964768 ,  0.        ,
         0.        , -0.        , -1.6167624 , -0.        ,  0.        ],
       [ 0.        , -0.        ,  0.        , -0.        , -0.        ,
         0.        , -0.        , -1.6608583 ,  0.        ,  0.        ],
       [-0.        ,  0.        , -0.        ,  0.        ,  0.        ,
        -0.        ,  0.        , -0.        ,  1.1616857 , -0.        ],
       [ 0.        ,  1.1946146 ,  0.        ,  0.        ,  0.        ,
        -0.        ,  1.6483587 , -0.        , -0.        ,  0.        ],
       [ 0.        ,  0.        , -0.        , -0.        , -0.        ,
        -0.        , -1.8163741 ,  0.        ,  0.        , -0.        ],
       [ 0.        , -1.5306422 , -0.        , -0.        ,  0.        ,
        -0.        , -0.        , -0.        ,  0.        , -0.        ],
       [-1.3863791 , -0.        , -0.        , -0.        , -0.        ,
         0.960164  , -0.        ,  0.        , -1.6716944 , -0.        ],
       [ 0.        ,  0.        , -0.        ,  1.9047608 , -0.        ,
        -0.        , -0.        ,  0.        , -1.1319845 , -0.        ],
       [ 0.        ,  0.        , -0.        ,  0.        ,  1.6968793 ,
        -0.        , -0.        ,  0.        ,  0.        , -0.        ],
       [ 0.        , -0.        , -0.        , -0.        , -0.        ,
        -1.71816   ,  0.        ,  0.        , -0.        , -0.        ],
       [ 0.        , -0.        ,  0.        , -1.5048214 , -0.        ,
         0.        , -0.        ,  0.        , -0.        ,  0.        ],
       [-0.        , -0.        ,  0.        ,  1.1845516 , -0.        ,
        -1.322176  ,  0.        ,  0.        , -0.        ,  1.0340068 ],
       [-0.        ,  0.        ,  0.        , -0.        , -0.        ,
        -0.        ,  0.        ,  1.0559483 , -1.608908  ,  0.        ],
       [-0.        ,  0.        ,  0.        ,  0.        ,  0.        ,
         0.        ,  0.        , -0.        , -0.        , -0.        ],
       [-1.1472034 , -0.        , -1.6965169 , -0.        ,  0.        ,
        -0.        ,  0.        ,  0.        ,  0.        , -0.        ],
       [ 0.        ,  0.        , -1.4960085 , -0.        , -0.        ,
        -0.        ,  1.6556525 ,  0.        ,  0.        ,  0.        ],
       [-0.        , -0.        ,  1.3850917 , -0.        ,  0.        ,
         0.        ,  0.        , -0.        , -0.        ,  0.        ],
       [-0.        , -1.9034507 ,  0.        , -0.        ,  1.201983  ,
        -0.        ,  0.        , -0.        , -0.        ,  0.        ],
       [ 0.        , -0.        ,  0.        , -0.        ,  0.        ,
        -0.        ,  0.        ,  1.7071445 , -0.        , -0.        ],
       [-1.4541231 , -0.        ,  0.        , -0.        ,  0.        ,
        -0.        , -1.3210026 ,  0.        ,  0.        ,  1.5799384 ],
       [-0.        , -0.        ,  0.        , -0.        ,  1.7078531 ,
         0.        , -0.        , -1.2145247 ,  0.        ,  0.        ],
       [ 0.        , -1.1615505 , -0.        ,  0.        , -0.        ,
         0.        , -0.        ,  0.        ,  1.4284523 ,  0.        ],
       [-0.        ,  0.        , -0.        , -1.3333986 ,  1.4215525 ,
        -0.        , -0.        ,  0.        ,  0.        ,  0.        ],
       [ 0.        ,  0.        , -0.        , -0.        ,  0.        ,
        -0.        , -0.        ,  0.        ,  0.        , -0.        ],
       [-0.        ,  0.        , -0.        ,  0.        ,  0.        ,
        -0.        ,  0.        ,  1.2039124 , -1.4233153 , -0.        ],
       [-0.        ,  0.        ,  0.        , -1.5486627 ,  1.7257625 ,
         0.        ,  0.        ,  0.        ,  0.        ,  1.2345952 ],
       [ 0.        , -1.5609262 , -1.6804509 ,  1.0118299 , -0.        ,
         0.        , -0.        ,  0.        ,  0.        , -0.        ],
       [-0.        , -0.        ,  0.        , -0.        , -0.        ,
        -1.8769629 ,  0.        ,  0.        , -0.        ,  0.        ],
       [ 1.5614537 , -0.        , -0.        ,  0.        ,  0.        ,
         0.        , -0.        , -0.        , -0.        , -0.        ],
       [ 1.7049406 ,  0.        , -0.        ,  0.        , -0.        ,
        -0.        ,  1.3947529 ,  0.        ,  0.        ,  0.        ],
       [ 0.        ,  0.        , -0.        , -1.4991145 ,  0.        ,
        -0.        , -0.        , -0.        ,  0.        , -0.        ],
       [ 1.1053128 ,  0.        , -0.        ,  0.        , -0.        ,
         0.        ,  1.5610982 , -0.        ,  0.        , -0.        ],
       [-0.        ,  1.485717  ,  0.        , -0.        ,  0.        ,
        -0.        ,  0.        , -0.        , -0.        , -0.        ],
       [-0.        ,  1.7136143 , -1.1354069 ,  0.        ,  0.        ,
         0.        ,  0.        , -0.        , -0.        , -0.        ],
       [ 0.        , -0.        ,  0.        , -0.        , -0.        ,
        -1.4592059 , -2.2162898 ,  0.        , -0.        , -0.        ],
       [-0.        ,  0.        , -0.        ,  0.        ,  1.3811017 ,
        -0.        ,  0.        , -0.        , -0.        ,  0.        ],
       [-0.        ,  0.        ,  1.5180513 ,  0.        , -0.        ,
        -0.        ,  0.        ,  0.        ,  0.        , -0.        ],
       [-0.        ,  0.        ,  0.        , -0.        ,  0.        ,
        -0.        ,  0.        , -0.        , -0.        ,  1.2452705 ],
       [ 0.        , -0.        ,  0.        , -0.        , -1.4449737 ,
         0.        , -0.        ,  0.        , -0.        ,  0.        ],
       [-0.        ,  0.        ,  0.        , -0.        , -0.        ,
        -1.8819387 ,  0.        ,  0.        , -0.        ,  0.        ],
       [ 0.        ,  0.        , -1.645213  , -1.1724074 , -0.        ,
         0.        , -0.        ,  0.        ,  0.        ,  1.2007185 ],
       [ 0.        , -0.        , -0.        , -1.4167293 , -0.        ,
         0.        , -0.        ,  0.        , -1.4747101 ,  0.        ],
       [-0.        , -0.        ,  0.        ,  0.        ,  0.        ,
        -0.        ,  0.        , -0.        ,  1.2904758 , -1.714637  ],
       [ 0.        , -0.        , -0.        , -0.        , -0.        ,
        -0.        ,  0.        ,  0.        ,  0.        ,  0.        ],
       [ 0.        ,  0.        , -0.        , -0.        ,  0.        ,
         0.        , -0.        ,  0.        ,  0.        , -0.        ],
       [-0.        , -0.        ,  1.8423897 ,  0.        , -1.4017779 ,
         0.        ,  0.        , -0.        ,  1.0556381 , -0.        ],
       [-0.        ,  0.        , -1.3380219 ,  0.        ,  0.        ,
        -0.        , -0.        , -0.        ,  0.        , -0.        ],
       [-0.        ,  0.        ,  1.4160147 ,  0.        ,  0.        ,
        -1.1292721 ,  0.        , -0.        ,  0.        , -0.        ],
       [-0.        ,  0.        ,  0.        ,  0.        , -1.6208144 ,
        -0.        ,  0.        , -0.        , -0.        ,  0.        ],
       [-0.        ,  0.        ,  0.        , -0.        ,  0.        ,
         1.4338882 ,  1.227651  , -0.        , -0.        ,  0.        ],
       [-0.        ,  1.9305469 , -0.        , -0.        ,  0.        ,
        -0.        ,  0.        , -0.        ,  0.        , -0.        ],
       [-0.        ,  0.        , -0.        , -0.        ,  0.        ,
        -0.        ,  0.        ,  0.        , -0.        ,  0.        ],
       [ 0.        , -0.        ,  0.        , -0.        , -0.        ,
         0.        , -0.        , -1.436193  ,  0.        , -0.        ],
       [ 0.        , -0.        ,  0.        ,  0.        , -0.        ,
         0.        , -0.        , -0.        ,  0.        , -0.        ],
       [ 0.        , -0.        , -0.        ,  0.        ,  0.        ,
         1.450797  , -0.        , -0.        , -0.        ,  0.        ],
       [-0.        ,  0.        , -1.0928904 , -0.        ,  1.4620621 ,
        -0.        ,  0.        ,  0.        ,  0.        , -0.        ],
       [ 0.        , -0.        ,  1.2906021 ,  0.        , -0.        ,
         0.        , -0.        , -0.        ,  0.        , -1.3777359 ],
       [ 1.314455  ,  0.        , -0.        ,  0.        ,  0.        ,
        -0.        , -0.        , -0.        ,  0.        , -0.        ],
       [ 0.        , -0.        ,  1.6391746 ,  0.        , -0.        ,
        -0.        , -0.        ,  0.        ,  0.        , -0.        ],
       [-0.        ,  0.        ,  0.        ,  0.        ,  0.        ,
         0.        ,  1.5899638 , -0.        , -0.        ,  0.        ],
       [ 0.        ,  0.        , -0.        ,  0.        ,  0.        ,
        -0.        , -0.        , -0.        , -0.        ,  0.        ],
       [-0.        , -0.        ,  0.        ,  0.        , -0.        ,
         0.        , -0.        , -0.        , -0.        ,  0.        ],
       [-0.        , -0.        ,  0.        , -0.        , -1.2644329 ,
        -0.        ,  0.        ,  0.        , -0.        ,  1.207841  ],
       [ 0.        , -0.        ,  0.        , -0.        ,  0.        ,
         0.        , -0.        ,  1.5717939 , -0.        , -1.740456  ],
       [ 0.        ,  0.        ,  0.        , -0.        ,  0.        ,
         0.        ,  1.8884147 , -1.1525006 , -0.        ,  0.        ],
       [ 0.        ,  0.        , -0.        ,  0.        , -0.        ,
         1.7027417 , -0.        , -1.9482329 ,  0.        , -0.        ],
       [ 1.1258897 ,  0.        , -0.        ,  0.        ,  0.        ,
        -0.        ,  0.        , -0.        , -0.        ,  0.        ],
       [ 0.        , -0.        ,  0.        ,  0.        , -0.        ,
        -1.2394444 , -1.4665319 ,  0.        ,  0.        , -0.        ],
       [-0.        ,  0.        , -0.        ,  0.        , -0.        ,
        -0.        ,  0.        , -0.        , -0.        ,  0.        ],
       [ 2.121673  , -0.        ,  0.        ,  0.        , -0.        ,
        -0.        ,  2.0550447 , -0.        ,  0.        ,  0.        ],
       [ 0.        , -0.        ,  0.        , -1.6844147 , -0.        ,
        -1.8226764 , -0.        ,  0.        ,  1.0488565 , -0.        ],
       [ 1.573419  ,  0.        ,  1.2942691 ,  0.        ,  0.        ,
         0.        , -0.        , -0.        , -1.5842459 , -0.        ],
       [ 0.        , -1.9312243 , -0.        ,  0.        , -1.5783705 ,
         0.        , -0.        ,  0.        ,  1.4986677 , -0.        ],
       [-0.        ,  1.3535311 ,  0.        ,  0.        ,  1.441088  ,
        -1.7040823 ,  0.        , -0.        ,  0.        ,  0.        ],
       [-0.        ,  0.        , -0.        , -0.        , -0.        ,
        -1.62221   ,  0.        ,  0.        ,  0.        ,  0.        ],
       [-0.        ,  0.        , -0.        , -0.        , -0.        ,
        -0.        ,  0.        , -0.        ,  0.        ,  0.        ],
       [-1.4637213 , -0.        ,  0.        ,  1.2807626 , -0.        ,
         0.        ,  0.        , -0.        , -0.        , -0.        ],
       [-0.        ,  0.        , -0.        ,  0.        ,  0.        ,
         1.5337622 ,  0.        , -0.        ,  0.        ,  0.        ],
       [ 0.        , -0.        , -0.        ,  1.0625814 , -0.        ,
         0.        , -0.        ,  0.        ,  0.        ,  0.        ],
       [ 0.        ,  0.        ,  0.        , -0.        , -0.        ,
         0.        , -0.        , -0.        , -0.        , -0.        ],
       [-0.        ,  0.        , -0.        ,  1.4040995 ,  0.        ,
        -1.3165828 ,  0.        , -0.        ,  0.        ,  0.        ],
       [ 0.        , -0.        ,  0.        , -1.1849862 , -0.        ,
         0.        , -0.        ,  0.        ,  1.2058629 ,  0.        ],
       [ 0.        , -1.2944243 , -0.        ,  1.2708116 , -0.        ,
         0.        , -0.        ,  0.        ,  0.        , -0.        ],
       [ 0.        , -0.        , -1.2696282 , -0.        , -0.        ,
         0.        , -0.        , -0.        ,  0.        ,  1.2619412 ],
       [ 0.        , -0.        , -0.        ,  0.        , -0.        ,
         0.        , -0.        , -1.8506576 ,  0.        , -0.        ],
       [ 0.        ,  0.        , -0.        , -0.        ,  0.        ,
         0.        , -0.        ,  0.        ,  0.        , -1.8318627 ],
       [-0.        , -1.4861536 ,  0.        , -0.        , -1.9925518 ,
         0.        ,  0.        ,  0.        , -0.        ,  1.7382376 ],
       [ 0.        , -0.        ,  1.5195    ,  0.        , -0.        ,
         0.        , -0.        ,  0.        ,  0.        , -0.        ],
       [ 0.        , -0.        , -0.        ,  0.        , -1.3398595 ,
         0.        , -1.3439909 , -0.        , -0.        ,  1.0544935 ],
       [ 1.8032554 ,  0.        , -0.        , -0.        ,  0.        ,
        -0.        ,  0.        , -0.        , -0.        ,  1.6475313 ],
       [-1.2252543 ,  0.        , -0.        , -0.        ,  0.        ,
         0.        , -1.569104  ,  0.        ,  0.        , -0.        ],
       [-0.        ,  1.3676567 , -0.        ,  0.        ,  0.        ,
        -0.        ,  0.        , -0.        ,  0.        , -0.        ],
       [ 0.        , -0.        ,  1.700154  ,  0.        , -0.        ,
         0.        , -0.        , -0.        , -0.        ,  0.        ],
       [-0.        ,  0.        , -0.        ,  0.87888986,  0.        ,
        -0.        ,  0.        , -0.        , -0.        ,  0.        ]],
      dtype=float32)
 array([ 0.19558643,  0.3599463 ,  0.18220498, -0.0343531 , -0.07338837,
        0.29085952,  0.02863476,  0.20018485, -0.69475335, -0.27795124],
      dtype=float32)]