FC Layer, 300 (Glorot Init.) Original_Weights[array([[ 0.,  0.,  0., ..., -0.,  0.,  0.],
       [ 0., -0., -0., ..., -0.,  0., -0.],
       [ 0.,  0., -0., ..., -0., -0., -0.],
       ...,
       [ 0.,  0., -0., ...,  0.,  0.,  0.],
       [ 0., -0., -0., ...,  0.,  0., -0.],
       [-0., -0., -0., ..., -0., -0., -0.]], dtype=float32)
 array([-2.51474455e-02,  7.97806755e-02,  1.08425416e-01,  9.36548263e-02,
       -4.37202305e-02, -4.61828560e-02,  9.00715739e-02,  1.09692983e-01,
        1.63791981e-02,  1.96834072e-01, -3.90789993e-02, -1.25350222e-01,
        1.56920537e-01, -3.30134481e-02, -7.93152675e-02,  2.21125837e-02,
        7.01668859e-02, -6.44052774e-02, -1.63394045e-02,  8.92833024e-02,
       -3.16412114e-02, -9.17353407e-02, -2.42347326e-02, -8.35748836e-02,
        1.54760361e-01,  3.61985900e-02, -1.43873975e-01, -4.09141630e-02,
       -2.69378349e-02,  1.46705434e-01,  6.02747425e-02,  9.96625125e-02,
       -2.60052178e-03, -8.22422802e-02, -9.68305320e-02,  9.03600082e-02,
        0.00000000e+00, -1.04180641e-01,  3.90724512e-03, -2.01586753e-01,
        4.65383604e-02,  3.29278111e-02, -1.68960597e-02, -6.68229908e-03,
        4.11507264e-02, -1.93258803e-02,  7.79522285e-02, -1.19449394e-02,
       -9.70165506e-02,  6.14650846e-02, -1.74082026e-01, -1.05363794e-01,
       -1.97760537e-02, -6.31858334e-02, -1.01511605e-01,  6.19943403e-02,
        7.69220069e-02, -5.89611158e-02,  7.12735951e-02,  1.06150664e-01,
       -6.82912990e-02, -6.30167127e-02, -1.12996869e-01,  8.38457793e-02,
        1.66975763e-02, -1.11592010e-01, -2.97403112e-02, -4.32679653e-02,
        5.36105521e-02,  4.78522070e-02, -1.62670985e-01, -3.45580392e-02,
        6.47981837e-02, -1.10566290e-02,  1.62804537e-02,  1.03227079e-01,
       -7.63104111e-02, -4.31310013e-02,  1.35597691e-01,  9.03667733e-02,
       -1.32806031e-02,  6.33611390e-03,  2.03515932e-01,  2.28512585e-02,
       -1.13098443e-01,  1.17169291e-01,  1.71838135e-01, -1.31943017e-01,
       -2.40815524e-03, -1.16428278e-01,  3.54529023e-02, -8.41473043e-02,
       -1.24160014e-02,  1.05692811e-01,  4.88375798e-02, -1.94446668e-01,
       -1.09215230e-02,  1.11880422e-01,  1.56899150e-02,  5.24381138e-02,
       -1.13882259e-01, -7.50488089e-03, -5.66042401e-02, -1.30440593e-01,
        4.43766415e-02, -1.47358757e-02, -4.85025421e-02, -9.16386853e-05,
       -4.55496982e-02,  1.82497017e-02, -1.64769702e-02, -3.41364034e-02,
        3.04819527e-03, -5.69540495e-03,  9.87233445e-02, -2.21685157e-03,
       -1.23343796e-01, -7.45417476e-02,  3.03660538e-02,  7.62480870e-02,
       -9.28594731e-03, -1.28347278e-01,  5.44233024e-02,  1.45521417e-01,
        5.70296384e-02,  1.59983501e-01, -7.26321116e-02,  1.01362400e-01,
       -1.88748136e-01, -3.39174904e-02,  2.18458343e-02,  8.80463887e-03,
       -6.23988472e-02,  9.00851637e-02,  9.56467316e-02,  2.92281844e-02,
        8.53616297e-02,  1.36695206e-01,  1.92145072e-02, -6.10415637e-02,
       -5.21424599e-02, -2.90879514e-02, -5.22246286e-02,  9.56352502e-02,
        7.45803192e-02,  4.85766903e-02, -3.91579643e-02, -9.97757614e-02,
        2.77203246e-04,  1.57459937e-02, -1.00032669e-02, -2.45012343e-02,
        1.17785418e-02,  8.41465443e-02, -1.00258119e-01,  1.15046911e-01,
       -1.71859451e-02, -6.10351562e-02, -4.57365103e-02, -1.31518152e-02,
       -1.36848703e-01, -1.05358273e-01, -6.40312135e-02,  4.96466346e-02,
       -9.39702392e-02, -1.61495075e-01, -2.37821396e-02,  1.30747771e-02,
       -6.68036416e-02, -1.58693977e-02, -1.30487680e-01,  8.68928879e-02,
       -9.35092494e-02, -8.16666335e-02,  2.18481019e-01,  5.83647974e-02,
        2.30395868e-02, -1.35585904e-01,  9.21468064e-02,  3.78362183e-03,
        1.32193550e-01,  6.58689290e-02, -6.45018276e-03,  4.28681970e-02,
        6.05882145e-02, -1.72608681e-02,  6.08217567e-02, -8.01806301e-02,
        1.44124970e-01, -1.85875863e-01,  2.64847837e-02, -7.15466738e-02,
        1.58843160e-01,  2.31977906e-02, -5.97114600e-02,  1.12559944e-02,
       -2.04335488e-02,  2.20389385e-02,  1.97864786e-01,  4.25707735e-02,
        6.45021126e-02, -9.74842981e-02, -2.12958734e-02,  1.09860733e-01,
       -6.08844310e-02,  5.08072115e-02,  1.02570847e-01, -1.53760901e-02,
        5.03642410e-02,  2.04619095e-02, -9.40653011e-02,  9.05316174e-02,
        4.75902036e-02, -5.57330959e-02, -1.08525351e-01,  2.93474831e-02,
        2.95689870e-02,  3.40387449e-02,  3.23404446e-02, -4.24000472e-02,
       -7.47144269e-03,  1.23718433e-01, -7.03538582e-02,  6.83626160e-02,
        3.92747596e-02, -4.53823172e-02,  9.82222185e-02,  2.47629546e-02,
       -7.67515451e-02,  6.92210197e-02, -7.12614357e-02,  6.14208821e-03,
        3.87030281e-02,  6.26627728e-02,  1.29982963e-01, -7.80373365e-02,
        8.96517485e-02, -1.64264187e-01, -7.90331215e-02,  1.17000163e-01,
       -7.61025921e-02,  5.59710748e-02,  3.22621837e-02, -1.59338787e-01,
       -2.45975740e-02,  6.20903745e-02,  1.75361603e-01, -1.21111289e-01,
       -3.03025376e-02,  3.55502814e-02,  1.35256320e-01,  2.95217335e-02,
       -1.07428193e-01,  1.96848921e-02,  4.38155904e-02,  5.64757101e-02,
        8.70016515e-02,  1.45759359e-01, -3.30382437e-02, -1.95917441e-03,
        2.50841398e-02, -6.42058253e-02,  7.43046030e-02, -1.21950306e-01,
        1.19537078e-02, -1.81267150e-02, -1.18334536e-02, -3.02845854e-02,
       -4.69036475e-02,  8.52787122e-02, -1.47939906e-01, -5.14766388e-03,
        5.62286079e-02, -1.51883915e-01,  3.82080190e-02, -2.27486491e-02,
        2.46857293e-02,  4.03674468e-02,  2.54864758e-03, -4.21581157e-02,
       -2.30580140e-02, -4.92930077e-02,  8.76129121e-02, -6.77946210e-02,
        8.57740790e-02, -6.63983896e-02,  3.03196590e-02, -4.52565700e-02,
        2.01498181e-01,  1.33682266e-01, -1.69317834e-02,  7.08579049e-02,
        3.15140896e-02, -6.31055562e-03,  1.46626413e-01,  9.87149552e-02,
       -4.03417833e-02, -5.85995279e-02, -3.93084362e-02,  1.83029063e-02],
      dtype=float32)]FC Layer, 100 (Glorot Init.) Original_Weights[array([[-0.        , -0.19194254, -0.        , ..., -0.        ,
        -0.        ,  0.        ],
       [ 0.        , -0.21984258, -0.        , ..., -0.        ,
         0.        , -0.4409655 ],
       [-0.        ,  0.22675452, -0.        , ...,  0.        ,
         0.        ,  0.        ],
       ...,
       [ 0.28057697,  0.        ,  0.        , ...,  0.24740358,
         0.        , -0.        ],
       [ 0.22821076,  0.21397611, -0.        , ..., -0.        ,
        -0.        ,  0.        ],
       [-0.        ,  0.        ,  0.31160307, ...,  0.        ,
         0.        ,  0.        ]], dtype=float32)
 array([-0.00625965,  0.08062468,  0.09294857,  0.00815524,  0.05825839,
        0.14337559,  0.00026832,  0.06894381, -0.21662872,  0.0939756 ,
        0.02078647, -0.11494619,  0.14569509,  0.1537785 , -0.04530945,
       -0.02083059, -0.02189373, -0.09653911,  0.2036981 ,  0.22380574,
        0.03645584,  0.1768316 ,  0.07988092, -0.12225223,  0.13881578,
        0.17323795, -0.07615962, -0.17705062, -0.11849896, -0.15553512,
        0.15465681,  0.06230125, -0.12613676, -0.15274209,  0.02341966,
       -0.08790771,  0.03245457, -0.17203173,  0.04320914,  0.03969147,
       -0.09637651,  0.06341743, -0.11165545,  0.05096148, -0.02605899,
       -0.14013055, -0.06568061,  0.11425852, -0.04301772, -0.01299196,
       -0.03378758, -0.03367458,  0.06741532, -0.07808467,  0.08765967,
        0.07857139, -0.03891141, -0.06195787, -0.03408729, -0.03227574,
        0.1195889 , -0.0431515 , -0.00137644, -0.16596508, -0.11862581,
       -0.01713284, -0.02275603,  0.17827305, -0.03049355,  0.07119795,
       -0.04911281,  0.0727428 , -0.01857122, -0.02789456, -0.11277736,
       -0.1178934 , -0.06176753,  0.07039096, -0.17473075, -0.0184313 ,
        0.04183314, -0.1696993 ,  0.04794789,  0.00927525,  0.11181515,
       -0.12608165, -0.02734028, -0.04331841, -0.12814306, -0.00218773,
       -0.06290235, -0.08631494, -0.08062346,  0.13607585,  0.03387447,
       -0.07262319,  0.05222427,  0.07281645,  0.02319326, -0.06620511],
      dtype=float32)]FC Layer, 10 (Softmax) Original_Weights[array([[ 0.5725968 ,  0.        , -0.5788133 ,  0.        , -0.74996835,
        -0.        ,  0.        ,  0.        , -0.        ,  0.6071633 ],
       [-0.        ,  0.        , -0.5980919 , -0.47223762,  0.47400108,
         0.6156035 ,  0.        ,  0.        , -0.        , -0.        ],
       [-0.        ,  0.        , -0.        ,  0.        ,  0.4957901 ,
        -0.        ,  0.        ,  0.7163524 , -0.5992534 , -0.        ],
       [-0.        ,  0.        ,  0.8594246 , -0.5170406 ,  0.        ,
        -0.6258467 ,  0.        ,  0.5220076 , -0.        , -0.        ],
       [ 0.        , -0.        , -0.        , -0.6199325 , -0.        ,
         0.        , -0.        ,  0.37178206, -0.30376527,  0.72792083],
       [ 0.        ,  0.6271832 , -0.        ,  0.        , -0.        ,
         0.7984785 , -0.90451795, -0.        ,  0.        , -0.        ],
       [-0.        , -0.        ,  0.        , -0.7037417 , -0.        ,
         0.5473055 , -0.        , -0.62430936,  0.        ,  0.        ],
       [-0.5167924 , -0.        ,  0.        ,  0.        , -0.        ,
        -0.        , -0.        , -0.83571684,  0.        ,  0.        ],
       [ 0.        , -0.55249435, -0.8953926 ,  0.69775325, -0.        ,
        -0.        ,  0.53408545, -0.6139524 ,  0.63514787, -0.        ],
       [ 0.72599316,  0.7215266 , -0.        , -0.        ,  0.        ,
         0.        ,  0.8697115 ,  0.        , -0.        , -0.        ],
       [-0.        ,  0.4352126 , -0.        ,  0.        , -0.        ,
        -0.6607272 , -0.7061823 , -0.        ,  0.        ,  0.        ],
       [-0.        , -0.55983824, -0.        ,  0.        ,  0.        ,
        -0.        ,  0.        , -0.        ,  0.5376591 , -0.        ],
       [-0.63686866, -0.        , -0.        ,  0.49895403, -0.        ,
         0.72609437,  0.        , -0.        , -0.9151741 ,  0.        ],
       [ 0.        ,  0.        ,  0.76758885,  0.857726  ,  0.        ,
        -0.        , -0.60555047,  0.4476982 , -0.85621685, -0.        ],
       [-0.        , -0.52150595,  0.73757625,  0.        ,  0.73933125,
         0.        ,  0.        ,  0.        , -0.        , -0.4855594 ],
       [ 0.        , -0.54302096,  0.5202088 ,  0.        , -0.        ,
        -0.719008  ,  0.        , -0.        ,  0.        ,  0.        ],
       [-0.        , -0.        ,  0.        , -0.63386947, -0.        ,
        -0.601823  ,  0.        , -0.        ,  0.        ,  0.50093496],
       [-0.        , -0.        , -0.        ,  0.48923323, -0.8328616 ,
        -0.75052696,  0.        ,  0.        , -0.        ,  0.7258787 ],
       [-0.52267027, -0.        ,  0.        , -0.        ,  0.44768417,
         0.        ,  0.        ,  0.59287703, -0.7832244 ,  0.        ],
       [ 0.54800713,  0.        ,  0.        , -0.        , -0.        ,
         0.        ,  0.6477877 ,  0.5983921 , -0.6823944 ,  0.        ],
       [-0.7067495 , -0.        , -0.80957407,  0.4493404 , -0.        ,
        -0.        ,  0.        , -0.        ,  0.        ,  0.        ],
       [ 0.        ,  0.56135213, -0.656854  , -0.        , -0.        ,
         0.        ,  0.9195699 , -0.        ,  0.        ,  0.        ],
       [-0.8694431 ,  0.45280352,  0.6343899 , -0.39363307, -0.        ,
         0.32778877, -0.        ,  0.44009975,  0.        , -0.49238   ],
       [-0.        , -0.76373774,  0.        , -0.        ,  0.5425857 ,
         0.        , -0.        ,  0.        , -0.        ,  0.60747635],
       [ 0.        ,  0.6246098 , -0.        ,  0.        , -0.        ,
        -0.        , -0.        ,  0.7758945 ,  0.        , -0.69175845],
       [-0.905434  , -0.        , -0.        ,  0.        ,  0.        ,
         0.36983365, -0.6765539 ,  0.        , -0.83343726,  0.59125274],
       [-0.        ,  0.        ,  0.        , -0.56627584,  0.67031235,
         0.        , -0.        , -0.8440957 , -0.        ,  0.        ],
       [-0.        , -0.65167004, -0.6232626 ,  0.53658104, -0.        ,
        -0.        ,  0.        ,  0.        ,  0.72623223, -0.        ],
       [ 0.5371193 , -0.6185019 , -0.41242737, -0.68310785,  0.5885071 ,
        -0.        , -0.3726958 ,  0.        ,  0.42482722,  0.40068954],
       [-0.        , -0.660784  , -0.        ,  0.38490888,  0.        ,
        -0.        ,  0.        , -0.        ,  0.7285038 , -0.        ],
       [-0.        ,  0.        , -0.        , -0.        ,  0.        ,
         0.        ,  0.        ,  1.1087044 , -0.5408987 , -0.49081302],
       [-0.55282   ,  0.        , -0.        , -0.539717  ,  0.79906327,
        -0.        ,  0.        ,  0.        , -0.51728743,  0.94249517],
       [ 0.        , -0.7155591 , -0.7721964 ,  0.543069  ,  0.        ,
        -0.        , -0.        , -0.        ,  0.        , -0.        ],
       [-0.        , -0.6604837 ,  0.5159879 ,  0.        , -0.        ,
        -0.7346254 , -0.        , -0.        ,  0.6598115 ,  0.        ],
       [ 0.59123164, -0.        , -0.        , -0.        ,  0.        ,
        -0.61827064,  0.4886653 ,  0.        , -0.50677884, -0.48979315],
       [ 0.519527  ,  0.        , -0.        , -0.        ,  0.        ,
        -0.6294655 ,  0.74139315, -0.44980544, -0.4641135 , -0.        ],
       [ 0.61056906,  0.        , -0.4604034 , -0.6002961 ,  0.        ,
         0.        ,  0.70255214, -0.        , -0.        , -0.        ],
       [ 0.6470982 , -0.5112744 , -0.        ,  0.37756798,  0.        ,
         0.        ,  0.6330687 , -0.50345397, -0.        , -0.        ],
       [-0.        ,  0.73919743,  0.44505525, -0.        , -0.        ,
         0.        ,  0.        ,  0.6628197 ,  0.        , -0.5369742 ],
       [-0.        ,  0.8356907 , -0.68898284,  0.5015667 ,  0.        ,
         0.        , -0.        ,  0.        , -0.        ,  0.        ],
       [ 0.        , -0.        ,  0.48968223,  0.        , -0.        ,
        -0.68991846, -0.84928066, -0.        ,  0.        , -0.        ],
       [-0.        ,  0.        , -0.5038954 ,  0.        ,  0.5622347 ,
         0.47331253,  0.        ,  0.        , -0.        , -0.5431174 ],
       [-0.        , -0.42967156,  0.61966294, -0.        ,  0.6295377 ,
         0.        ,  0.        ,  0.        , -0.        , -0.        ],
       [-0.        , -0.        , -0.        ,  0.        , -0.7431736 ,
         0.43929327,  0.        ,  0.        , -0.6020672 ,  1.0328623 ],
       [ 0.75822705, -0.        ,  0.        ,  0.        , -0.81577545,
        -0.        ,  0.        , -0.        ,  0.        ,  0.84144104],
       [-0.6361128 , -0.62429094,  0.        , -0.        , -0.        ,
        -0.6297283 ,  0.        ,  0.39146397, -0.        ,  0.        ],
       [ 0.4503849 , -0.        , -0.4532263 , -0.60025394,  0.        ,
        -0.        ,  0.        ,  0.        , -0.        ,  0.6766276 ],
       [ 0.        ,  0.        ,  0.6998492 , -0.5945799 ,  0.        ,
        -0.5403095 ,  0.        ,  0.82745934, -0.71953714,  0.        ],
       [-0.75159204,  0.47341913, -0.        , -0.        ,  0.        ,
         0.        , -0.        ,  0.        ,  0.72762996, -0.64337504],
       [-0.        ,  0.4954252 , -0.        ,  0.        , -0.673785  ,
         0.        , -0.        ,  0.        ,  0.5316498 , -0.        ],
       [ 0.        , -0.        , -0.        , -0.5675217 ,  0.        ,
        -0.        ,  0.46703097, -0.70443004,  0.        , -0.        ],
       [ 0.        ,  0.        ,  0.62683994,  0.4450259 , -0.75358474,
         0.        , -0.        ,  0.        ,  0.6624809 , -0.44587386],
       [-0.        ,  0.        , -0.71838963, -0.        ,  0.        ,
         0.61111814,  0.48912355,  0.        , -0.6050436 ,  0.        ],
       [-0.        , -0.        ,  0.64918774, -0.43623814, -0.        ,
        -0.5524257 ,  0.        , -0.64781594,  0.        ,  0.        ],
       [ 0.        ,  0.        , -0.        , -0.        , -0.6909585 ,
         0.        , -0.61756736,  0.        , -0.        ,  0.        ],
       [ 0.        , -0.378054  ,  0.        ,  0.        ,  0.        ,
         1.0388651 ,  0.7776197 ,  0.        , -0.        , -0.        ],
       [-0.        ,  0.8801536 , -0.4870729 , -0.        ,  0.54722774,
        -0.40063652,  0.        , -0.43362182, -0.        ,  0.        ],
       [-0.47402698, -0.5527223 ,  0.        , -0.7526424 , -0.        ,
         0.        , -0.        , -0.3689235 ,  0.51066065, -0.        ],
       [ 0.        , -0.        ,  0.        ,  0.        ,  0.5315629 ,
         0.4672259 , -0.7454339 , -0.7283911 ,  0.        , -0.        ],
       [-0.        , -0.        ,  0.        , -0.        , -0.        ,
         0.        ,  0.3653557 , -0.        ,  0.        , -0.5917388 ],
       [ 0.        ,  0.        ,  0.        , -0.        , -0.6835486 ,
         0.84735304,  0.49853933,  0.        , -0.        , -0.        ],
       [ 0.        , -0.        , -0.5242758 , -0.        ,  0.62604   ,
         0.42052898, -0.        ,  0.50170666,  0.        ,  0.        ],
       [ 0.        , -0.        ,  0.7155969 , -0.        ,  0.        ,
        -0.        , -0.        , -0.        ,  0.7139316 , -0.8130696 ],
       [ 0.75686026, -0.5722078 ,  0.        , -0.        ,  0.507253  ,
        -0.        , -0.620085  , -0.        ,  0.        ,  0.49156776],
       [ 0.        , -0.5280221 ,  0.9513001 , -0.        ,  0.        ,
         0.        , -0.        , -0.6420274 , -0.        ,  0.        ],
       [ 0.37580544,  0.4095887 ,  0.        , -0.64107895,  0.        ,
        -0.4666063 ,  0.85497975,  0.        ,  0.5083171 ,  0.        ],
       [-0.48865578, -0.        ,  0.600365  , -0.        , -0.46823865,
        -0.        , -0.        , -0.65193117,  0.        ,  0.5704635 ],
       [-0.        ,  0.39686325, -0.        , -0.        ,  0.        ,
         0.712152  ,  0.        ,  0.        , -0.        , -0.        ],
       [-0.        , -0.        , -0.        , -0.4952335 , -0.59439695,
         0.        ,  0.        , -0.        ,  0.6117098 ,  0.9851303 ],
       [ 0.47338808,  0.3775052 , -0.        ,  0.        , -0.        ,
        -0.        , -0.        ,  0.7247993 ,  0.        , -0.6678933 ],
       [-0.        ,  0.64144474, -0.        , -0.51286787,  0.        ,
        -0.52223706,  1.3241113 , -0.47194916, -0.        ,  0.        ],
       [ 0.        , -0.        , -0.47298253,  0.        , -0.5257741 ,
         0.6819877 , -0.        , -0.66824615, -0.47311458, -0.        ],
       [ 1.0397825 ,  0.        ,  0.        , -0.51426184,  0.        ,
         0.        , -0.59717727, -0.        ,  0.        , -0.        ],
       [ 0.6607486 ,  0.        ,  0.46048397,  0.92555755,  0.        ,
        -0.6800983 , -0.94952023,  0.        , -0.55729175, -0.        ],
       [ 0.51806587, -0.        , -0.618671  ,  0.        ,  0.5124598 ,
        -0.5289588 , -0.        , -0.3871518 ,  0.46805578,  0.5499334 ],
       [ 1.0549465 ,  0.        , -0.60141575, -0.        ,  0.        ,
         0.        ,  1.1524519 ,  0.        , -0.        , -0.        ],
       [ 0.        , -0.        , -0.6246247 , -0.6906087 , -0.        ,
        -0.52225536,  0.5186996 ,  0.5061373 ,  0.69448006,  0.        ],
       [ 0.723155  ,  0.        ,  0.6610772 ,  0.        ,  0.        ,
        -0.        ,  0.        ,  0.        , -0.7599317 , -0.        ],
       [-0.        , -0.84747493, -0.        ,  0.        , -0.85720366,
        -0.        ,  0.        ,  0.        ,  0.67664874, -0.        ],
       [-0.        ,  0.74711984,  0.        , -0.        ,  0.823887  ,
        -0.77697515,  0.        , -0.        ,  0.        ,  0.        ],
       [-0.        , -0.        , -0.        , -0.        ,  0.        ,
        -0.7372465 ,  0.        ,  0.7935447 , -0.        ,  0.        ],
       [-0.        , -0.        ,  0.        , -0.        , -0.6359226 ,
        -0.70915765,  0.        , -0.5976561 ,  0.6121981 ,  0.        ],
       [-0.7439974 , -0.        ,  0.        ,  0.839152  , -0.        ,
        -0.        ,  0.49979097, -0.        ,  0.        , -0.76251453],
       [ 0.        ,  0.45850608,  0.        , -0.53692496, -0.        ,
         0.6004159 , -0.57279384, -0.        ,  0.        ,  0.        ],
       [ 0.        ,  0.        , -0.        ,  0.5885847 ,  0.        ,
         0.4131785 ,  0.60323596,  0.        , -0.        , -0.        ],
       [ 0.        , -0.5931037 , -0.5238548 ,  0.        ,  0.4628135 ,
        -0.59034485, -0.        ,  0.        , -0.        , -0.        ],
       [-0.        ,  0.6454762 , -0.        ,  0.65625167,  0.        ,
        -0.8161807 ,  0.        ,  0.        , -0.        ,  0.        ],
       [ 0.        , -0.        ,  0.4564999 , -0.53125477,  0.37534112,
        -0.        , -0.        , -0.        ,  0.64091605,  0.        ],
       [-0.5326236 , -0.82953525,  0.        ,  0.46010175,  0.        ,
        -0.        ,  0.        , -0.        ,  0.        , -0.        ],
       [-0.5069888 , -0.        , -0.79487556,  0.        , -0.        ,
         0.5016602 , -0.        , -0.8030394 ,  0.        ,  0.60979044],
       [ 0.44069943,  0.        ,  0.        , -0.5451213 , -0.47329935,
         0.        , -0.        , -0.75924164,  0.6729341 , -0.45843586],
       [ 0.5318234 ,  0.        ,  0.6814694 , -0.        ,  0.        ,
         0.        ,  0.        ,  0.        , -0.        , -0.5417244 ],
       [-0.        , -0.56578994, -0.        ,  0.        , -0.7719753 ,
        -0.        ,  0.        ,  0.45922482,  0.        ,  0.8080674 ],
       [-0.        ,  0.        ,  0.7732037 ,  0.        ,  0.        ,
         0.5424665 , -0.        , -0.58857423,  0.        , -0.        ],
       [ 0.        ,  0.        , -0.        ,  0.45374098, -0.64262795,
        -0.        , -0.7650455 ,  0.        , -0.        ,  0.7148921 ],
       [ 0.7546978 ,  0.        , -0.        ,  0.38239688, -0.5693084 ,
        -0.42529386,  0.        ,  0.        , -0.        ,  0.6523927 ],
       [-0.6021071 , -0.        , -0.6865755 ,  0.5163059 , -0.        ,
        -0.        , -0.5323311 ,  0.45015222,  0.        ,  0.        ],
       [-0.        ,  1.0165583 , -0.        , -0.        ,  0.6126105 ,
         0.        ,  0.        , -0.39725125, -0.        , -0.        ],
       [ 0.        ,  0.        ,  0.90017873, -0.        ,  0.        ,
         0.        ,  0.51113755, -0.4693811 , -0.        , -0.45465764],
       [-0.        ,  0.        , -0.        ,  0.94009656,  0.        ,
         0.        ,  0.        , -0.82622033, -0.        , -0.        ]],
      dtype=float32)
 array([-0.02330987,  0.21838509,  0.05504879, -0.03107071, -0.00886994,
        0.14512609, -0.05902658,  0.10544317, -0.3229062 , -0.06839699],
      dtype=float32)]