FC Layer, 300 (Glorot Init.) Original_Weights[array([[ 0.,  0.,  0., ..., -0.,  0.,  0.],
       [ 0., -0., -0., ..., -0.,  0., -0.],
       [ 0.,  0., -0., ..., -0., -0., -0.],
       ...,
       [ 0.,  0., -0., ...,  0.,  0.,  0.],
       [ 0., -0., -0., ...,  0.,  0., -0.],
       [-0., -0., -0., ..., -0., -0., -0.]], dtype=float32)
 array([-5.67120910e-02,  1.76470190e-01, -2.30132025e-02,  2.66961217e-01,
        0.00000000e+00,  1.40915334e-01,  1.82467803e-01,  3.58322076e-02,
        0.00000000e+00,  3.11956316e-01,  2.09571905e-02,  2.22954959e-01,
       -1.22397833e-01,  0.00000000e+00, -1.24319617e-04,  3.93885672e-01,
        0.00000000e+00,  0.00000000e+00,  0.00000000e+00, -3.24618489e-01,
        1.40283242e-01, -1.24340216e-02,  0.00000000e+00,  0.00000000e+00,
        6.49449006e-02, -1.75754294e-01,  0.00000000e+00,  0.00000000e+00,
        0.00000000e+00, -1.19943969e-01,  0.00000000e+00, -1.27706677e-01,
        0.00000000e+00, -1.15119062e-01, -1.20005280e-01, -1.21971682e-01,
        0.00000000e+00, -3.72306764e-01,  2.79356502e-02,  0.00000000e+00,
        0.00000000e+00,  0.00000000e+00,  0.00000000e+00,  1.10050954e-01,
        0.00000000e+00,  0.00000000e+00,  0.00000000e+00,  2.12951094e-01,
       -1.75872728e-01,  0.00000000e+00, -5.88747144e-01, -3.61576021e-01,
       -3.61304641e-01, -2.14932591e-01,  0.00000000e+00,  0.00000000e+00,
       -6.80945069e-02,  0.00000000e+00,  1.18144322e-02, -9.65439081e-02,
       -2.05493718e-01,  1.88751653e-01,  0.00000000e+00,  0.00000000e+00,
        0.00000000e+00,  1.96419835e-01,  0.00000000e+00, -2.56639540e-01,
        2.06823468e-01,  0.00000000e+00, -1.79243705e-03,  0.00000000e+00,
        0.00000000e+00,  0.00000000e+00,  0.00000000e+00,  4.06867638e-02,
        0.00000000e+00, -3.89784604e-04,  0.00000000e+00,  0.00000000e+00,
        0.00000000e+00,  6.12264574e-02,  2.01892704e-01,  0.00000000e+00,
        1.30482558e-02,  1.58977713e-02,  3.32605034e-01,  0.00000000e+00,
        0.00000000e+00, -3.05344999e-01,  0.00000000e+00, -3.02124470e-01,
       -2.26956129e-01, -1.10681802e-01, -3.32589865e-01,  0.00000000e+00,
        0.00000000e+00,  0.00000000e+00,  0.00000000e+00,  3.10477197e-01,
        6.69209287e-03, -1.58261955e-01, -2.11996838e-01,  0.00000000e+00,
        0.00000000e+00,  1.78906396e-01,  0.00000000e+00,  2.93752793e-02,
       -4.52401251e-01,  0.00000000e+00, -4.14656818e-01,  1.49894925e-03,
        0.00000000e+00,  0.00000000e+00,  0.00000000e+00,  0.00000000e+00,
       -2.48323500e-01,  2.01627716e-01,  0.00000000e+00, -2.34825060e-01,
        0.00000000e+00, -7.40403011e-02, -2.50395328e-01,  1.91417500e-01,
        0.00000000e+00, -3.25988373e-03,  0.00000000e+00, -1.29751533e-01,
       -3.73301715e-01, -2.86932677e-01,  1.08931111e-02,  0.00000000e+00,
        0.00000000e+00,  0.00000000e+00,  0.00000000e+00,  0.00000000e+00,
        0.00000000e+00,  0.00000000e+00, -2.46794745e-01,  0.00000000e+00,
        0.00000000e+00,  2.75791854e-01,  3.42770368e-02,  0.00000000e+00,
        5.02851486e-01,  1.07708722e-01,  0.00000000e+00, -3.76656324e-01,
        4.64885123e-02,  0.00000000e+00,  0.00000000e+00,  1.33919939e-01,
        4.91776727e-02, -2.69688427e-01,  0.00000000e+00, -3.65223229e-01,
        0.00000000e+00,  0.00000000e+00, -3.09100389e-01, -6.55369461e-01,
        0.00000000e+00,  1.77510396e-01,  2.23846629e-01,  1.53518200e-01,
        0.00000000e+00,  4.32483882e-01,  1.03548415e-01,  0.00000000e+00,
       -1.24754623e-01,  8.14289600e-02,  0.00000000e+00,  0.00000000e+00,
        0.00000000e+00,  0.00000000e+00,  0.00000000e+00,  0.00000000e+00,
       -1.10224418e-01, -1.53409436e-01, -1.65923104e-01,  0.00000000e+00,
       -1.92661455e-03,  0.00000000e+00,  3.90056878e-01, -4.45036106e-02,
        0.00000000e+00, -2.45740246e-02,  2.04454362e-01,  1.97185725e-01,
        0.00000000e+00,  2.25305110e-01,  0.00000000e+00,  2.86470681e-01,
       -7.11787865e-02,  0.00000000e+00,  0.00000000e+00, -1.77540600e-01,
        5.18074371e-02,  1.61146998e-01,  2.18096331e-01,  0.00000000e+00,
        0.00000000e+00,  1.43219769e-01,  0.00000000e+00,  2.03819245e-01,
       -2.76617646e-01, -2.39926204e-02, -3.86504680e-01, -3.70251864e-01,
        0.00000000e+00,  1.23249367e-01,  0.00000000e+00, -6.32762164e-02,
        3.23444098e-01, -4.16685879e-01, -4.70542639e-01,  0.00000000e+00,
        1.59074590e-01,  0.00000000e+00, -7.66947344e-02,  0.00000000e+00,
       -2.07005814e-01,  0.00000000e+00,  1.27093121e-01, -1.11927845e-01,
        0.00000000e+00,  8.52229074e-02,  0.00000000e+00,  0.00000000e+00,
       -7.12238789e-01,  0.00000000e+00, -3.34646180e-02, -1.21983938e-01,
        0.00000000e+00,  2.80101299e-01,  0.00000000e+00, -4.22560930e-01,
        0.00000000e+00,  0.00000000e+00,  0.00000000e+00,  0.00000000e+00,
       -1.22309275e-01,  9.80986059e-02,  0.00000000e+00,  0.00000000e+00,
        0.00000000e+00, -2.12406471e-01,  5.13962984e-01, -2.48139918e-01,
        0.00000000e+00, -2.62060482e-03, -1.46454155e-01,  0.00000000e+00,
        0.00000000e+00, -5.16801029e-02,  0.00000000e+00,  0.00000000e+00,
        0.00000000e+00,  0.00000000e+00,  0.00000000e+00,  0.00000000e+00,
       -8.20702761e-02, -2.28752166e-01,  0.00000000e+00,  0.00000000e+00,
        4.41960897e-03,  0.00000000e+00,  5.87823763e-02,  0.00000000e+00,
        0.00000000e+00,  0.00000000e+00,  0.00000000e+00, -1.74198344e-01,
        0.00000000e+00, -1.91216618e-01,  0.00000000e+00,  1.37732625e-01,
        0.00000000e+00,  2.56657451e-01, -2.33746301e-02,  8.62085104e-01,
       -2.24659946e-02,  4.71898541e-02,  0.00000000e+00,  0.00000000e+00,
        0.00000000e+00, -3.53138477e-01, -3.57417524e-01, -1.81958191e-02,
        0.00000000e+00,  0.00000000e+00,  0.00000000e+00,  0.00000000e+00,
       -3.28830443e-02,  3.04186791e-01,  0.00000000e+00,  0.00000000e+00,
        0.00000000e+00, -2.14446291e-01,  0.00000000e+00,  0.00000000e+00],
      dtype=float32)]FC Layer, 100 (Glorot Init.) Original_Weights[array([[-0., -0.,  0., ...,  0., -0., -0.],
       [ 0.,  0., -0., ..., -0., -0., -0.],
       [-0.,  0.,  0., ...,  0.,  0., -0.],
       ...,
       [ 0., -0.,  0., ...,  0., -0., -0.],
       [ 0.,  0.,  0., ..., -0.,  0., -0.],
       [ 0., -0.,  0., ...,  0., -0.,  0.]], dtype=float32)
 array([ 0.        ,  0.        ,  0.36897695,  0.        ,  0.        ,
       -0.01667082, -0.03491017, -0.03898504,  0.        , -0.10235473,
       -0.04514744,  0.        ,  0.41967076,  0.07971868,  0.16569741,
        0.28635928, -0.17009315, -0.11068673,  0.16789536,  0.        ,
        0.22911164, -0.13066001,  0.5524373 , -0.00832003, -0.03579853,
        0.30039588, -0.27305156, -0.29004145,  0.14893462,  0.        ,
        0.3180026 , -0.15840364,  0.07863482, -0.11511727, -0.01595786,
       -0.12941161, -0.08136319,  0.        , -0.15978082,  0.02907645,
       -0.48446268, -0.25828242, -0.24453376, -0.09324289,  0.05597826,
       -0.19812644, -0.23154303,  0.20749041, -0.04026728,  0.        ,
        0.        ,  0.36348158,  0.04740686,  0.        ,  0.        ,
        0.64564514,  0.19864143,  0.        , -0.33461305,  0.        ,
       -0.0799442 ,  0.        , -0.01120242,  0.08979536,  0.12631877,
        0.        ,  0.        ,  0.        , -0.13766855,  0.23430744,
       -0.25778568,  0.41547477,  0.        ,  0.        ,  0.        ,
       -0.00506687,  0.1886366 ,  0.13557911, -0.24723402,  0.03999643,
       -0.17642769,  0.        ,  0.1321787 ,  0.        ,  0.        ,
        0.        ,  0.02892072, -0.23972562,  0.        , -0.06233503,
       -0.4859642 , -0.18030654, -0.29519698, -0.1122107 ,  0.07319082,
       -0.07368205,  0.78202796,  0.11498564,  0.02219578,  0.        ],
      dtype=float32)]FC Layer, 10 (Softmax) Original_Weights[array([[ 0.       , -0.       ,  0.       , -0.       , -0.       ,
        -0.       ,  0.       ,  0.       ,  0.       ,  0.       ],
       [-0.       , -0.       ,  0.       ,  0.       ,  0.       ,
        -0.       ,  0.       ,  0.       , -0.       , -0.       ],
       [-0.       ,  0.       ,  0.       ,  0.       ,  1.6949786,
        -0.       ,  0.       ,  1.8618213, -1.78913  ,  0.       ],
       [ 0.       ,  0.       , -0.       , -0.       , -0.       ,
        -0.       , -0.       ,  0.       , -0.       , -0.       ],
       [ 0.       ,  0.       , -0.       ,  0.       , -0.       ,
        -0.       ,  0.       ,  0.       , -0.       ,  0.       ],
       [-0.       , -0.       , -0.       ,  0.       , -0.       ,
        -0.       , -2.3933022, -0.       ,  0.       ,  0.       ],
       [ 0.       ,  0.       , -0.       , -1.9792701, -0.       ,
        -0.       ,  0.       , -2.2023988,  0.       ,  0.       ],
       [ 0.       , -0.       , -0.       ,  0.       , -0.       ,
        -0.       ,  0.       , -2.7256582,  0.       ,  0.       ],
       [ 0.       , -0.       , -0.       , -0.       ,  0.       ,
         0.       ,  0.       , -0.       , -0.       , -0.       ],
       [ 0.       ,  2.2705438, -0.       ,  0.       ,  0.       ,
         0.       ,  1.6804034,  0.       , -0.       , -0.       ],
       [-0.       , -0.       , -0.       ,  0.       ,  0.       ,
        -0.       , -1.7211144, -0.       , -0.       ,  0.       ],
       [-0.       ,  0.       , -0.       , -0.       , -0.       ,
         0.       , -0.       ,  0.       ,  0.       , -0.       ],
       [ 0.       , -0.       ,  0.       ,  0.       , -0.       ,
        -0.       ,  0.       , -0.       , -2.1864   ,  0.       ],
       [-0.       , -0.       ,  0.       ,  2.414434 ,  0.       ,
         0.       ,  0.       ,  0.       , -0.       , -0.       ],
       [-0.       , -0.       ,  0.       , -0.       ,  2.1035438,
         0.       ,  0.       ,  0.       , -0.       , -0.       ],
       [ 0.       , -0.       , -0.       ,  0.       , -0.       ,
        -1.705029 , -0.       , -0.       ,  0.       ,  0.       ],
       [-0.       , -0.       ,  0.       , -2.3994732,  0.       ,
        -0.       , -0.       , -0.       , -0.       ,  0.       ],
       [-0.       ,  0.       ,  0.       , -0.       ,  0.       ,
        -2.5168054, -0.       , -0.       , -0.       ,  0.       ],
       [ 0.       , -0.       , -0.       ,  0.       , -0.       ,
        -0.       , -0.       ,  0.       , -1.5776   ,  0.       ],
       [-0.       ,  0.       ,  0.       ,  0.       ,  0.       ,
         0.       ,  0.       , -0.       , -0.       , -0.       ],
       [ 0.       , -0.       , -1.5613389,  0.       , -0.       ,
        -0.       ,  0.       , -0.       ,  0.       ,  0.       ],
       [-0.       ,  0.       , -1.3053039, -0.       , -0.       ,
         0.       ,  2.1279168, -0.       ,  0.       , -0.       ],
       [ 0.       ,  0.       ,  1.8999044,  0.       , -0.       ,
        -0.       ,  0.       , -0.       ,  0.       ,  0.       ],
       [ 0.       , -1.7409993, -0.       ,  0.       , -0.       ,
        -0.       , -0.       ,  0.       ,  0.       ,  0.       ],
       [-0.       , -0.       , -0.       ,  0.       , -0.       ,
        -0.       ,  0.       ,  1.5856361,  0.       ,  0.       ],
       [-2.5776443,  0.       ,  0.       , -0.       , -0.       ,
        -0.       , -1.9975697, -0.       , -0.       ,  0.       ],
       [-0.       ,  0.       , -0.       , -0.       ,  2.4349222,
         0.       , -0.       , -2.3390987,  0.       ,  0.       ],
       [ 0.       , -0.       , -0.       ,  0.       , -0.       ,
        -0.       ,  0.       , -0.       ,  2.5684197,  0.       ],
       [-0.       ,  0.       , -0.       , -2.266268 ,  0.       ,
         0.       ,  0.       ,  0.       , -0.       , -0.       ],
       [ 0.       ,  0.       , -0.       , -0.       ,  0.       ,
        -0.       , -0.       ,  0.       ,  0.       , -0.       ],
       [-0.       , -0.       , -0.       ,  0.       ,  0.       ,
        -0.       ,  0.       ,  0.       , -2.1545458, -0.       ],
       [-0.       ,  0.       ,  0.       , -2.0811071,  1.8193676,
         0.       ,  0.       ,  0.       ,  0.       ,  3.1220844],
       [ 0.       , -2.705857 , -1.9354391,  0.       , -0.       ,
        -0.       ,  0.       , -0.       ,  0.       ,  0.       ],
       [ 0.       ,  0.       , -0.       ,  0.       , -0.       ,
        -0.       ,  0.       , -0.       , -0.       ,  0.       ],
       [ 1.7748668,  0.       , -0.       ,  0.       ,  0.       ,
        -0.       , -0.       ,  0.       , -0.       ,  0.       ],
       [ 2.5572503,  0.       ,  0.       ,  0.       , -0.       ,
        -0.       ,  2.4388862, -0.       , -0.       , -0.       ],
       [-0.       , -0.       , -0.       , -0.       ,  0.       ,
         0.       ,  0.       ,  0.       ,  0.       , -0.       ],
       [ 0.       ,  0.       , -0.       , -0.       , -0.       ,
        -0.       ,  0.       ,  0.       ,  0.       ,  0.       ],
       [-0.       ,  2.4672546,  0.       , -0.       ,  0.       ,
         0.       ,  0.       ,  0.       , -0.       , -0.       ],
       [-0.       ,  2.540028 , -0.       ,  0.       , -0.       ,
        -0.       , -0.       ,  0.       , -0.       ,  0.       ],
       [ 0.       , -0.       , -0.       , -0.       , -0.       ,
        -2.6002028, -3.3071928, -0.       ,  0.       ,  0.       ],
       [-0.       , -0.       ,  0.       , -0.       ,  0.       ,
         0.       ,  0.       ,  0.       , -0.       , -0.       ],
       [-0.       , -0.       ,  1.9523754,  0.       ,  0.       ,
        -0.       ,  0.       ,  0.       , -0.       , -0.       ],
       [ 0.       ,  0.       ,  0.       , -0.       ,  0.       ,
         0.       ,  0.       ,  0.       , -0.       ,  1.923551 ],
       [ 0.       , -0.       , -0.       ,  0.       , -0.       ,
        -0.       ,  0.       , -0.       ,  0.       ,  0.       ],
       [-0.       , -0.       , -0.       , -0.       ,  0.       ,
        -2.410979 ,  0.       ,  0.       , -0.       ,  0.       ],
       [-0.       , -0.       , -2.6864295, -0.       ,  0.       ,
         0.       ,  0.       , -0.       ,  0.       , -0.       ],
       [ 0.       , -0.       , -0.       , -0.       , -0.       ,
         0.       , -0.       ,  0.       , -2.222767 ,  0.       ],
       [-0.       , -0.       ,  0.       , -0.       , -0.       ,
         0.       ,  0.       ,  0.       ,  2.356682 , -1.6793367],
       [ 0.       , -0.       , -0.       , -0.       , -0.       ,
        -0.       ,  0.       ,  0.       ,  0.       ,  0.       ],
       [ 0.       ,  0.       , -0.       , -0.       ,  0.       ,
         0.       , -0.       ,  0.       ,  0.       , -0.       ],
       [-0.       , -0.       ,  0.       , -0.       , -2.2361052,
         0.       ,  0.       , -0.       , -0.       ,  0.       ],
       [-0.       ,  0.       , -1.3631631, -0.       ,  0.       ,
        -0.       , -0.       , -0.       , -0.       , -0.       ],
       [-0.       , -0.       ,  0.       ,  0.       , -0.       ,
         0.       ,  0.       , -0.       , -0.       , -0.       ],
       [ 0.       ,  0.       , -0.       , -0.       ,  0.       ,
         0.       , -0.       , -0.       , -0.       , -0.       ],
       [-0.       ,  0.       ,  0.       , -0.       ,  0.       ,
         1.7227372,  2.4393582,  0.       , -0.       , -0.       ],
       [ 0.       ,  2.977273 ,  0.       ,  0.       ,  0.       ,
        -0.       , -0.       , -0.       , -0.       ,  0.       ],
       [-0.       ,  0.       , -0.       , -0.       ,  0.       ,
        -0.       ,  0.       ,  0.       , -0.       ,  0.       ],
       [-0.       ,  0.       , -0.       , -0.       ,  0.       ,
         0.       , -0.       , -1.4999663,  0.       , -0.       ],
       [ 0.       , -0.       ,  0.       ,  0.       , -0.       ,
         0.       , -0.       , -0.       ,  0.       , -0.       ],
       [-0.       ,  0.       ,  0.       , -0.       ,  0.       ,
         1.7987586,  0.       ,  0.       ,  0.       , -0.       ],
       [-0.       , -0.       ,  0.       ,  0.       , -0.       ,
        -0.       , -0.       ,  0.       , -0.       ,  0.       ],
       [ 0.       ,  0.       , -0.       ,  0.       , -0.       ,
         0.       , -0.       ,  0.       ,  0.       , -1.5860885],
       [ 1.9154167, -0.       ,  0.       , -0.       ,  0.       ,
        -0.       ,  0.       ,  0.       , -0.       , -0.       ],
       [ 0.       ,  0.       ,  1.7618881, -0.       ,  0.       ,
         0.       , -0.       ,  0.       ,  0.       , -0.       ],
       [ 0.       , -0.       ,  0.       , -0.       , -0.       ,
        -0.       , -0.       ,  0.       ,  0.       ,  0.       ],
       [ 0.       ,  0.       , -0.       ,  0.       ,  0.       ,
        -0.       , -0.       , -0.       , -0.       ,  0.       ],
       [-0.       , -0.       ,  0.       ,  0.       , -0.       ,
         0.       , -0.       , -0.       , -0.       ,  0.       ],
       [-0.       , -0.       ,  0.       , -0.       , -0.       ,
         0.       , -0.       ,  0.       ,  0.       ,  1.6632396],
       [ 0.       ,  0.       ,  0.       , -0.       , -0.       ,
        -0.       , -0.       ,  2.8508995, -0.       ,  0.       ],
       [ 0.       ,  0.       ,  0.       ,  0.       , -0.       ,
        -0.       ,  2.32444  , -0.       , -0.       , -0.       ],
       [ 0.       ,  0.       , -0.       ,  0.       , -0.       ,
         2.280449 , -0.       , -0.       ,  0.       ,  0.       ],
       [ 0.       ,  0.       , -0.       ,  0.       , -0.       ,
        -0.       , -0.       ,  0.       ,  0.       ,  0.       ],
       [ 0.       ,  0.       , -0.       , -0.       ,  0.       ,
        -0.       ,  0.       ,  0.       , -0.       ,  0.       ],
       [-0.       ,  0.       , -0.       ,  0.       , -0.       ,
        -0.       ,  0.       , -0.       , -0.       ,  0.       ],
       [ 2.0085735,  0.       , -0.       , -0.       ,  0.       ,
         0.       ,  2.6793542,  0.       ,  0.       , -0.       ],
       [-0.       , -0.       ,  0.       , -2.7651649, -0.       ,
        -3.2055163,  0.       ,  0.       ,  0.       ,  0.       ],
       [ 1.5023438,  0.       , -0.       ,  0.       ,  0.       ,
         0.       ,  0.       ,  0.       , -1.7050741, -0.       ],
       [-0.       , -3.4177315, -0.       ,  0.       , -3.0912044,
        -0.       ,  0.       , -0.       , -0.       ,  0.       ],
       [-0.       ,  1.7077444,  0.       , -0.       , -0.       ,
        -2.8772478, -0.       , -0.       , -0.       ,  0.       ],
       [-0.       ,  0.       ,  0.       , -0.       ,  0.       ,
        -1.6682879,  0.       , -0.       , -0.       , -0.       ],
       [-0.       ,  0.       , -0.       , -0.       , -0.       ,
        -0.       ,  0.       , -0.       ,  0.       ,  0.       ],
       [-1.781048 ,  0.       , -0.       ,  0.       , -0.       ,
        -0.       , -0.       , -0.       ,  0.       ,  0.       ],
       [-0.       , -0.       ,  0.       ,  0.       , -0.       ,
         0.       , -0.       ,  0.       ,  0.       , -0.       ],
       [ 0.       ,  0.       ,  0.       , -0.       ,  0.       ,
         0.       ,  0.       ,  0.       , -0.       , -0.       ],
       [ 0.       ,  0.       ,  0.       , -0.       , -0.       ,
         0.       , -0.       , -0.       , -0.       , -0.       ],
       [-0.       ,  0.       ,  0.       ,  1.7987394,  0.       ,
         0.       , -0.       , -0.       , -0.       , -0.       ],
       [-0.       ,  0.       ,  0.       , -1.8574616,  0.       ,
         0.       ,  0.       , -0.       ,  1.5963985, -0.       ],
       [ 0.       , -0.       ,  0.       ,  0.       ,  0.       ,
        -0.       ,  0.       , -0.       , -0.       , -0.       ],
       [ 0.       ,  0.       , -0.       , -0.       , -0.       ,
        -0.       ,  0.       , -0.       ,  0.       ,  2.2486467],
       [ 0.       , -0.       , -0.       ,  0.       ,  0.       ,
        -0.       , -0.       , -1.6240135, -0.       ,  0.       ],
       [-0.       , -0.       ,  0.       , -0.       ,  0.       ,
         0.       , -0.       ,  0.       , -0.       , -1.9147047],
       [ 0.       ,  0.       ,  0.       ,  0.       , -0.       ,
        -0.       ,  0.       , -0.       , -0.       ,  2.0279448],
       [ 0.       , -0.       ,  2.2276483, -0.       ,  0.       ,
         0.       , -0.       ,  0.       , -0.       , -0.       ],
       [ 0.       , -0.       , -0.       ,  0.       , -2.4038723,
        -0.       , -0.       ,  0.       ,  0.       ,  0.       ],
       [ 1.8235354,  0.       , -0.       ,  0.       , -0.       ,
         0.       , -0.       ,  0.       ,  0.       , -0.       ],
       [-2.349716 , -0.       ,  0.       ,  0.       ,  0.       ,
        -0.       , -2.9863741, -0.       , -0.       ,  0.       ],
       [ 0.       ,  1.5787767,  0.       , -0.       , -0.       ,
        -0.       , -0.       , -0.       ,  0.       ,  0.       ],
       [ 0.       ,  0.       ,  2.1388295,  0.       ,  0.       ,
         0.       ,  0.       ,  0.       ,  0.       , -0.       ],
       [ 0.       ,  0.       , -0.       ,  0.       , -0.       ,
        -0.       , -0.       , -0.       ,  0.       ,  0.       ]],
      dtype=float32)
 array([ 0.11581662,  0.36681938, -0.04530567,  0.00719772,  0.20519069,
        0.30278978, -0.06527235,  0.55624485, -0.8565275 , -0.37565282],
      dtype=float32)]