FC Layer, 300 (Glorot Init.) Original_Weights[array([[ 0.,  0.,  0., ..., -0.,  0.,  0.],
       [ 0., -0., -0., ..., -0.,  0., -0.],
       [ 0.,  0., -0., ..., -0., -0., -0.],
       ...,
       [ 0.,  0., -0., ...,  0.,  0.,  0.],
       [ 0., -0., -0., ...,  0.,  0., -0.],
       [-0., -0., -0., ..., -0., -0., -0.]], dtype=float32)
 array([-9.10054296e-02, -9.08217335e-04,  7.42672086e-02,  3.84767294e-01,
        0.00000000e+00, -1.40796974e-01,  2.17238739e-02, -9.45272669e-02,
        0.00000000e+00,  3.34224403e-01, -5.49696535e-02, -1.70847699e-01,
        9.19310749e-03, -9.76889767e-03, -7.90082365e-02,  2.85225928e-01,
        5.89251928e-02,  0.00000000e+00,  0.00000000e+00, -2.43295386e-01,
       -9.71564502e-02,  2.00845689e-01,  0.00000000e+00,  0.00000000e+00,
        1.14977717e-01,  2.66285181e-01,  0.00000000e+00, -3.42195965e-02,
        0.00000000e+00,  2.06544787e-01,  0.00000000e+00,  1.32366061e-01,
        0.00000000e+00,  3.09411883e-02, -1.08969249e-02,  2.31772847e-02,
        0.00000000e+00,  2.94122789e-02,  2.65987873e-01, -1.31678119e-01,
        0.00000000e+00,  0.00000000e+00, -1.37777448e-01, -2.43398353e-01,
        0.00000000e+00,  2.29407981e-01,  0.00000000e+00,  2.14501396e-02,
       -3.03566903e-02,  0.00000000e+00, -2.23256990e-01, -1.69828996e-01,
       -3.44064862e-01,  1.78422369e-02,  9.71100181e-02,  0.00000000e+00,
        9.60975289e-02,  0.00000000e+00, -4.68675345e-02,  4.67874892e-02,
       -3.85103710e-02,  1.91185519e-01,  0.00000000e+00,  0.00000000e+00,
        0.00000000e+00,  2.59777188e-01,  0.00000000e+00, -3.59183937e-01,
        1.41367942e-01,  4.42172550e-02, -2.03332659e-02,  1.91125855e-01,
        0.00000000e+00,  0.00000000e+00,  0.00000000e+00,  3.60395014e-02,
        0.00000000e+00,  5.73219471e-02,  0.00000000e+00, -1.05710901e-01,
       -2.33407706e-01,  1.18538596e-01,  5.56180216e-02,  5.83625436e-02,
        2.59358317e-01,  3.89013030e-02, -1.28866449e-01,  0.00000000e+00,
        0.00000000e+00, -1.89773798e-01,  9.86871123e-02, -1.23991713e-01,
        2.28444254e-03,  2.43236184e-01, -2.53347099e-01,  0.00000000e+00,
        9.12715346e-02, -7.52579197e-02, -2.67521560e-01,  1.80766284e-01,
       -1.20338768e-01, -1.30309150e-01, -3.42188954e-01, -8.73588547e-02,
        1.46126123e-02, -1.53556839e-01, -3.73506784e-01,  1.40209571e-01,
        8.42186660e-02, -2.09614635e-01, -1.75301418e-01, -1.06556863e-01,
        0.00000000e+00, -9.41311475e-03,  0.00000000e+00, -1.08895607e-01,
        1.43935934e-01,  1.51681170e-01,  0.00000000e+00, -1.61354929e-01,
        0.00000000e+00, -1.47425368e-01,  1.58351555e-01,  2.17353001e-01,
        0.00000000e+00,  5.52964024e-03,  0.00000000e+00, -1.63852245e-01,
       -3.54927719e-01, -1.46625876e-01, -1.58156231e-01,  2.67786672e-03,
       -9.97973084e-02,  0.00000000e+00,  1.34194847e-02,  2.28167549e-01,
       -2.12218426e-02,  0.00000000e+00,  6.45176619e-02,  0.00000000e+00,
        0.00000000e+00,  5.60808420e-01,  3.51172574e-02,  0.00000000e+00,
       -2.90017594e-02,  1.83218941e-01, -3.15611720e-01, -2.84701526e-01,
       -4.35021184e-02,  0.00000000e+00,  0.00000000e+00,  1.23841979e-01,
        8.63769278e-02, -1.33588806e-01,  0.00000000e+00, -5.96435890e-02,
        0.00000000e+00, -1.92601252e-02, -3.09174180e-01, -3.85679513e-01,
        0.00000000e+00, -1.75156072e-01,  2.39099398e-01,  1.60397023e-01,
        0.00000000e+00,  9.49967504e-02, -6.98206052e-02,  0.00000000e+00,
        1.53696630e-02,  1.64389552e-04,  0.00000000e+00,  0.00000000e+00,
        0.00000000e+00,  0.00000000e+00,  0.00000000e+00,  0.00000000e+00,
        2.74672378e-02,  5.48550747e-02,  1.46421110e-02,  0.00000000e+00,
        1.86728105e-01,  1.54090496e-02,  3.35954428e-01,  1.39416754e-01,
        0.00000000e+00, -1.40707389e-01, -9.61402580e-02,  1.70885529e-02,
        7.01546893e-02, -1.47306219e-01,  0.00000000e+00,  1.94116861e-01,
        2.08690818e-02, -2.68111855e-01,  0.00000000e+00, -1.17278986e-01,
        1.92440748e-01,  9.68619958e-02,  3.12397361e-01, -2.43659057e-02,
       -1.14371978e-01, -3.65762591e-01,  0.00000000e+00,  3.58653694e-01,
       -6.70986474e-02,  1.35122225e-01, -2.61834979e-01, -1.69575050e-01,
        1.43660810e-02, -5.30290268e-02, -2.74293926e-02, -8.26561823e-03,
        2.68495768e-01, -2.11473584e-01, -3.49974781e-01,  0.00000000e+00,
        4.50039774e-01, -5.11519164e-02, -6.16336502e-02,  7.87076131e-02,
       -7.82683771e-03,  3.57506037e-01,  1.47342831e-01,  9.11550522e-02,
        0.00000000e+00,  3.01664948e-01,  0.00000000e+00, -6.45495951e-02,
       -1.51693374e-01,  0.00000000e+00,  7.59691969e-02, -1.87662855e-01,
        0.00000000e+00,  6.66247532e-02,  0.00000000e+00, -1.95464700e-01,
       -2.46352423e-02,  2.10112780e-02, -4.19852100e-02,  1.84319705e-01,
       -1.79682732e-01,  3.54463398e-03,  0.00000000e+00,  0.00000000e+00,
       -7.44765401e-02,  1.86805680e-01,  1.74726829e-01, -1.20283082e-01,
        1.44499972e-01,  8.82593170e-02,  8.44607968e-03,  0.00000000e+00,
       -1.15013689e-01,  2.65018698e-02,  0.00000000e+00,  0.00000000e+00,
        1.47225156e-01,  1.34572377e-02,  0.00000000e+00,  0.00000000e+00,
       -9.70840603e-02, -3.27764899e-01,  8.31781849e-02,  0.00000000e+00,
        2.05773324e-01,  0.00000000e+00,  2.65339434e-01,  3.81180607e-02,
       -2.03923613e-01,  0.00000000e+00, -2.18799099e-01, -2.66648173e-01,
        0.00000000e+00, -1.73205256e-01,  0.00000000e+00,  1.17851213e-01,
        9.34944674e-02, -3.26717421e-02,  1.65005952e-01, -9.57735255e-02,
        1.23226449e-01, -8.47633407e-02,  0.00000000e+00,  0.00000000e+00,
        0.00000000e+00, -5.78779802e-02,  3.32067832e-02,  6.00735545e-02,
        0.00000000e+00,  3.00033510e-01,  1.01713173e-01,  7.03001022e-02,
        2.25946885e-02,  8.66332874e-02,  0.00000000e+00,  3.42636168e-01,
        0.00000000e+00, -3.14396888e-01, -1.41195521e-01, -8.76781121e-02],
      dtype=float32)]FC Layer, 100 (Glorot Init.) Original_Weights[array([[-0., -0., -0., ..., -0., -0., -0.],
       [ 0.,  0.,  0., ...,  0., -0., -0.],
       [-0.,  0.,  0., ...,  0.,  0., -0.],
       ...,
       [ 0., -0., -0., ..., -0., -0., -0.],
       [ 0.,  0.,  0., ...,  0., -0., -0.],
       [ 0., -0., -0., ..., -0., -0.,  0.]], dtype=float32)
 array([ 0.00000000e+00,  0.00000000e+00,  1.91031665e-01, -9.50874016e-02,
        0.00000000e+00,  6.56992793e-02, -2.92593896e-01,  1.20909855e-01,
       -6.17138565e-01, -6.94675818e-02,  2.46477146e-02, -2.08843410e-01,
        2.97442675e-01,  3.04951519e-01,  3.05904578e-02,  5.30406553e-03,
       -2.70331502e-01, -3.88176031e-02,  3.25336546e-01,  0.00000000e+00,
        1.52903900e-01, -6.12202883e-02,  4.25726831e-01, -2.60688722e-01,
        3.07563007e-01,  3.25236738e-01, -2.21875459e-01, -2.60466874e-01,
        8.79928283e-03,  0.00000000e+00,  5.34077942e-01,  1.44427940e-01,
       -1.60545632e-01, -3.54320258e-01,  8.23303126e-05, -3.86114597e-01,
        2.14001209e-01, -2.30829597e-01,  3.31478827e-02,  1.25555307e-01,
       -2.70286709e-01, -6.84827790e-02, -4.15735655e-02,  9.03943628e-02,
        5.57758585e-02, -3.51777896e-02, -1.61864564e-01,  1.80633456e-01,
        6.69395030e-02,  0.00000000e+00,  0.00000000e+00,  2.43943170e-01,
        7.09539466e-03, -3.41001242e-01, -2.03222558e-02,  4.43639815e-01,
        1.53533190e-01,  0.00000000e+00,  8.50550905e-02,  0.00000000e+00,
       -3.39020155e-02, -2.17317101e-02,  5.18123694e-02,  2.42522564e-02,
        1.06508337e-01, -3.41568738e-02,  0.00000000e+00,  0.00000000e+00,
        1.11807428e-01,  4.52627659e-01, -6.42502606e-02,  7.77060166e-02,
        0.00000000e+00, -5.24650037e-01,  0.00000000e+00, -1.21678852e-01,
        2.89788060e-02,  2.51839072e-01, -1.13546200e-01, -1.81889564e-01,
       -2.01786786e-01,  0.00000000e+00,  1.14090703e-01,  2.36462593e-01,
        0.00000000e+00,  0.00000000e+00, -1.16448365e-01, -2.45642066e-01,
       -7.54985586e-03, -1.05901994e-01, -4.27605540e-01,  8.29885304e-02,
       -3.75084192e-01, -7.62578547e-02, -2.63317943e-01, -2.79522508e-01,
        5.07463574e-01,  1.33772522e-01,  4.40373756e-02,  0.00000000e+00],
      dtype=float32)]FC Layer, 10 (Softmax) Original_Weights[array([[ 0.       , -0.       ,  0.       , -0.       , -0.       ,
        -0.       ,  0.       ,  0.       ,  0.       ,  0.       ],
       [-0.       , -0.       ,  0.       ,  0.       ,  0.       ,
        -0.       ,  0.       ,  0.       , -0.       , -0.       ],
       [-0.       , -0.       ,  0.       , -0.       ,  1.2506903,
        -0.       ,  0.       ,  1.4915895, -1.9711632,  0.       ],
       [ 0.       , -0.       ,  0.       , -0.       ,  0.       ,
        -0.       ,  0.       ,  0.       ,  0.       , -0.       ],
       [ 0.       ,  0.       , -0.       ,  0.       , -0.       ,
        -0.       ,  0.       ,  0.       , -0.       ,  0.       ],
       [-0.       , -0.       , -0.       ,  0.       ,  0.       ,
         1.5989921, -2.0785003, -0.       , -0.       ,  0.       ],
       [-0.       , -0.       ,  0.       , -1.8553412, -0.       ,
         0.       ,  0.       , -2.0071566, -0.       ,  0.       ],
       [ 0.       ,  0.       , -0.       , -0.       , -0.       ,
         0.       , -0.       , -1.9449824,  0.       ,  0.       ],
       [-0.       , -0.       ,  0.       ,  0.       , -0.       ,
        -0.       , -0.       , -0.       ,  0.       ,  0.       ],
       [-0.       ,  1.8074604, -0.       , -0.       ,  0.       ,
         0.       ,  1.8872705, -0.       ,  0.       , -0.       ],
       [ 0.       , -0.       ,  0.       , -0.       , -0.       ,
        -0.       , -1.8135666,  0.       ,  0.       ,  0.       ],
       [-0.       , -1.6843323,  0.       ,  0.       , -0.       ,
         0.       ,  0.       , -0.       , -0.       ,  0.       ],
       [-1.7246722,  0.       , -0.       ,  0.       ,  0.       ,
         0.       , -0.       ,  0.       , -2.2854493,  0.       ],
       [ 0.       ,  0.       , -0.       ,  1.7981787,  0.       ,
        -0.       , -0.       ,  0.       ,  0.       , -0.       ],
       [ 0.       ,  0.       , -0.       , -0.       ,  2.0087352,
         0.       , -0.       , -0.       ,  0.       ,  0.       ],
       [ 0.       , -0.       ,  0.       , -0.       ,  0.       ,
        -1.7707615,  0.       ,  0.       ,  0.       , -0.       ],
       [-0.       ,  0.       , -0.       , -1.8264631, -0.       ,
        -0.       ,  0.       ,  0.       ,  0.       , -0.       ],
       [-0.       , -0.       , -0.       ,  0.       , -0.       ,
        -1.8681104,  0.       , -0.       ,  0.       ,  0.       ],
       [-0.       ,  0.       ,  0.       , -0.       , -0.       ,
        -0.       ,  0.       ,  0.       , -1.5155903, -0.       ],
       [-0.       ,  0.       ,  0.       ,  0.       ,  0.       ,
         0.       ,  0.       , -0.       , -0.       , -0.       ],
       [-1.5457627,  0.       , -1.5271316,  0.       , -0.       ,
         0.       , -0.       , -0.       , -0.       ,  0.       ],
       [-0.       , -0.       , -1.7575434, -0.       , -0.       ,
         0.       ,  2.0249114,  0.       , -0.       ,  0.       ],
       [-0.       ,  0.       ,  1.6256167, -0.       , -0.       ,
         0.       , -0.       , -0.       , -0.       ,  0.       ],
       [-0.       , -2.0159028,  0.       , -0.       ,  1.4712316,
        -0.       ,  0.       , -0.       , -0.       ,  0.       ],
       [-0.       , -0.       , -0.       , -0.       , -0.       ,
        -0.       ,  0.       ,  1.6375682,  0.       ,  0.       ],
       [-1.4112226,  0.       , -0.       , -0.       , -0.       ,
         0.       , -1.546458 , -0.       , -0.       ,  1.3032943],
       [-0.       , -0.       ,  0.       ,  0.       ,  2.0201254,
         0.       , -0.       , -1.593477 ,  0.       , -0.       ],
       [ 0.       , -1.6083072,  0.       ,  0.       ,  0.       ,
         0.       , -0.       ,  0.       ,  1.2846587, -0.       ],
       [ 0.       ,  0.       ,  0.       , -1.8307859,  1.3807812,
         0.       , -0.       , -0.       , -0.       , -0.       ],
       [ 0.       ,  0.       , -0.       , -0.       ,  0.       ,
        -0.       , -0.       ,  0.       ,  0.       , -0.       ],
       [ 0.       ,  0.       , -0.       , -0.       ,  0.       ,
        -0.       ,  0.       ,  0.       , -2.3541694, -0.       ],
       [-0.       , -0.       ,  0.       , -1.5885572,  2.0930305,
         0.       ,  0.       , -0.       ,  0.       ,  1.6099207],
       [ 0.       , -2.3951912, -1.7508956, -0.       ,  0.       ,
         0.       ,  0.       ,  0.       ,  0.       , -0.       ],
       [ 0.       , -0.       ,  0.       , -0.       ,  0.       ,
        -2.0436263,  0.       ,  0.       , -0.       , -0.       ],
       [ 1.7856144,  0.       , -0.       ,  0.       ,  0.       ,
         0.       ,  0.       , -0.       , -0.       , -0.       ],
       [ 1.9171563, -0.       , -0.       ,  0.       ,  0.       ,
         0.       ,  1.6677487,  0.       , -0.       , -0.       ],
       [-0.       , -0.       ,  0.       , -1.5876043, -0.       ,
        -0.       ,  0.       ,  0.       , -0.       , -0.       ],
       [ 0.       ,  0.       , -0.       ,  0.       ,  0.       ,
        -0.       ,  1.520421 , -0.       ,  0.       , -0.       ],
       [ 0.       ,  1.7913026, -0.       , -0.       ,  0.       ,
        -0.       , -0.       ,  0.       ,  0.       , -0.       ],
       [-0.       ,  2.0758238, -0.       ,  0.       ,  0.       ,
        -0.       ,  0.       , -0.       ,  0.       , -0.       ],
       [ 0.       ,  0.       , -0.       , -0.       ,  0.       ,
        -1.4197174, -2.4255428,  0.       ,  0.       ,  0.       ],
       [-0.       , -0.       ,  0.       ,  0.       ,  1.4908546,
         0.       , -0.       , -0.       , -0.       , -0.       ],
       [ 0.       ,  0.       ,  1.6996701, -0.       ,  0.       ,
        -0.       ,  0.       ,  0.       ,  0.       , -0.       ],
       [ 0.       , -0.       ,  0.       ,  0.       , -0.       ,
        -0.       , -0.       , -0.       , -0.       ,  1.4823511],
       [-0.       ,  0.       , -0.       ,  0.       , -1.5290854,
         0.       ,  0.       ,  0.       , -0.       ,  0.       ],
       [-0.       , -0.       ,  0.       ,  0.       , -0.       ,
        -2.0205364,  0.       , -0.       , -0.       ,  0.       ],
       [-0.       , -0.       , -1.5838172, -1.5810282,  0.       ,
         0.       ,  0.       , -0.       , -0.       , -0.       ],
       [ 0.       ,  0.       ,  0.       , -0.       ,  0.       ,
         0.       ,  0.       ,  0.       , -1.7167511, -0.       ],
       [-0.       , -0.       ,  0.       , -0.       , -0.       ,
         0.       , -0.       ,  0.       ,  1.9486667, -1.6985114],
       [ 0.       , -0.       , -0.       , -0.       , -0.       ,
        -0.       ,  0.       ,  0.       ,  0.       ,  0.       ],
       [ 0.       ,  0.       , -0.       , -0.       ,  0.       ,
         0.       , -0.       ,  0.       ,  0.       , -0.       ],
       [ 0.       , -0.       ,  1.6716539, -0.       , -1.4131631,
        -0.       , -0.       ,  0.       ,  0.       ,  0.       ],
       [ 0.       ,  0.       , -1.6340595,  0.       , -0.       ,
        -0.       ,  0.       ,  0.       , -0.       , -0.       ],
       [-0.       ,  0.       ,  1.1179571,  0.       ,  0.       ,
        -0.       ,  0.       , -0.       ,  0.       , -0.       ],
       [-0.       ,  0.       ,  0.       , -0.       , -1.5717608,
         0.       , -0.       , -0.       , -0.       ,  0.       ],
       [-0.       ,  0.       ,  0.       ,  0.       , -0.       ,
         1.5384465,  1.252089 , -0.       , -0.       ,  0.       ],
       [-0.       ,  2.107824 , -0.       ,  0.       , -0.       ,
        -0.       ,  0.       , -0.       , -0.       ,  0.       ],
       [-0.       ,  0.       , -0.       , -0.       ,  0.       ,
        -0.       ,  0.       ,  0.       , -0.       ,  0.       ],
       [ 0.       , -0.       , -0.       , -0.       , -0.       ,
         0.       , -0.       , -1.4822587,  0.       ,  0.       ],
       [ 0.       , -0.       ,  0.       ,  0.       , -0.       ,
         0.       , -0.       , -0.       ,  0.       , -0.       ],
       [-0.       , -0.       ,  0.       ,  0.       , -0.       ,
         1.3711414, -0.       , -0.       , -0.       , -0.       ],
       [-0.       , -0.       ,  0.       ,  0.       ,  0.       ,
         0.       ,  0.       , -0.       , -0.       , -0.       ],
       [ 0.       ,  0.       ,  1.3339912, -0.       ,  0.       ,
        -0.       ,  0.       ,  0.       ,  0.       , -1.7309119],
       [ 1.3204794, -0.       ,  0.       ,  0.       ,  0.       ,
        -0.       ,  0.       , -0.       , -0.       , -0.       ],
       [-0.       ,  0.       ,  1.7735264, -0.       ,  0.       ,
        -0.       ,  0.       , -0.       ,  0.       , -0.       ],
       [-0.       , -0.       ,  0.       ,  0.       ,  0.       ,
         0.       ,  1.3074099, -0.       ,  0.       ,  0.       ],
       [ 0.       ,  0.       , -0.       ,  0.       ,  0.       ,
        -0.       , -0.       , -0.       , -0.       ,  0.       ],
       [-0.       , -0.       ,  0.       ,  0.       , -0.       ,
         0.       , -0.       , -0.       , -0.       ,  0.       ],
       [ 0.       , -0.       ,  0.       ,  0.       ,  0.       ,
        -0.       , -0.       , -0.       , -0.       ,  1.8709645],
       [ 0.       ,  0.       , -0.       , -0.       ,  0.       ,
        -0.       ,  0.       ,  2.254313 ,  0.       , -1.3657445],
       [ 0.       ,  0.       , -0.       , -0.       ,  0.       ,
        -0.       ,  2.0764358, -1.416135 , -0.       , -0.       ],
       [ 0.       ,  0.       , -0.       ,  0.       , -0.       ,
         1.8331956, -0.       , -1.8862154, -0.       ,  0.       ],
       [ 0.       ,  0.       , -0.       ,  0.       , -0.       ,
        -0.       , -0.       ,  0.       ,  0.       ,  0.       ],
       [ 0.       ,  0.       , -0.       , -0.       ,  0.       ,
        -1.1691238, -1.5429807,  0.       ,  0.       , -0.       ],
       [-0.       ,  0.       , -0.       ,  0.       , -0.       ,
        -0.       ,  0.       , -0.       , -0.       ,  0.       ],
       [ 2.1521702, -0.       ,  0.       ,  0.       , -0.       ,
        -0.       ,  2.487443 , -0.       , -0.       ,  0.       ],
       [-0.       , -0.       ,  0.       , -2.286964 ,  0.       ,
        -2.2801259,  0.       ,  0.       ,  0.       , -0.       ],
       [ 2.0510821, -0.       ,  0.       , -0.       ,  0.       ,
        -0.       , -0.       , -0.       , -1.9476417, -0.       ],
       [ 0.       , -2.3835351, -0.       , -0.       , -1.7297025,
        -0.       , -0.       ,  0.       ,  1.4776183, -0.       ],
       [-0.       ,  1.6717918, -0.       ,  0.       ,  1.2596005,
        -1.9996463, -0.       , -0.       ,  0.       , -0.       ],
       [-0.       , -0.       ,  0.       , -0.       , -0.       ,
        -1.8728983,  0.       , -0.       ,  0.       ,  0.       ],
       [-0.       ,  0.       , -0.       , -0.       , -0.       ,
        -0.       ,  0.       , -0.       ,  0.       ,  0.       ],
       [-1.5577427,  0.       , -0.       , -0.       , -0.       ,
         0.       , -0.       , -0.       , -0.       ,  0.       ],
       [-0.       , -0.       ,  0.       ,  0.       , -0.       ,
         1.4550103,  0.       , -0.       , -0.       ,  0.       ],
       [ 0.       ,  0.       ,  0.       , -0.       ,  0.       ,
         0.       ,  0.       ,  0.       , -0.       , -0.       ],
       [ 0.       ,  0.       ,  0.       , -0.       , -0.       ,
         0.       , -0.       , -0.       , -0.       , -0.       ],
       [-0.       , -0.       , -0.       ,  1.5111234,  0.       ,
        -1.4514233, -0.       , -0.       , -0.       ,  0.       ],
       [-0.       , -0.       ,  0.       , -1.3483334,  0.       ,
         0.       , -0.       ,  0.       ,  1.5150533, -0.       ],
       [-0.       , -0.       ,  0.       ,  1.0637367, -0.       ,
         0.       ,  0.       ,  0.       , -0.       ,  0.       ],
       [-0.       , -0.       , -1.6315538,  0.       , -0.       ,
         0.       ,  0.       , -0.       , -0.       ,  1.7071236],
       [ 0.       ,  0.       , -0.       ,  0.       ,  0.       ,
         0.       ,  0.       , -1.6098522, -0.       , -0.       ],
       [ 0.       , -0.       ,  0.       , -0.       ,  0.       ,
         0.       , -0.       , -0.       ,  0.       , -2.1925144],
       [ 0.       , -0.       , -0.       , -0.       , -1.840644 ,
        -0.       , -0.       ,  0.       ,  0.       ,  2.3735461],
       [ 0.       ,  0.       ,  1.7602851,  0.       ,  0.       ,
        -0.       ,  0.       ,  0.       , -0.       , -0.       ],
       [-0.       , -0.       ,  0.       ,  0.       , -2.0469131,
        -0.       , -1.272661 , -0.       , -0.       , -0.       ],
       [ 2.1168132, -0.       , -0.       ,  0.       ,  0.       ,
        -0.       ,  0.       , -0.       ,  0.       ,  1.8220974],
       [-1.8978666, -0.       ,  0.       ,  0.       , -0.       ,
         0.       , -1.9430245,  0.       , -0.       ,  0.       ],
       [-0.       ,  1.7461485, -0.       ,  0.       , -0.       ,
         0.       , -0.       , -0.       ,  0.       ,  0.       ],
       [ 0.       ,  0.       ,  1.6357243,  0.       ,  0.       ,
        -0.       ,  0.       , -0.       , -0.       , -0.       ],
       [ 0.       ,  0.       , -0.       ,  0.       , -0.       ,
        -0.       , -0.       , -0.       ,  0.       ,  0.       ]],
      dtype=float32)
 array([ 0.16714902,  0.5605467 ,  0.16955413, -0.05152293, -0.10723972,
        0.39620915, -0.01132386,  0.31585917, -0.75619787, -0.39603096],
      dtype=float32)]