FC Layer, 300 (Glorot Init.) Original_Weights[array([[ 0.,  0.,  0., ..., -0.,  0.,  0.],
       [ 0., -0., -0., ..., -0.,  0., -0.],
       [ 0.,  0., -0., ..., -0., -0., -0.],
       ...,
       [ 0.,  0., -0., ...,  0.,  0.,  0.],
       [ 0., -0., -0., ...,  0.,  0., -0.],
       [-0., -0., -0., ..., -0., -0., -0.]], dtype=float32)
 array([-1.64186984e-01,  1.74381435e-01,  1.67951137e-02,  1.36310548e-01,
        0.00000000e+00, -6.35251254e-02,  1.19133495e-01,  1.03713103e-01,
        0.00000000e+00,  2.79013157e-01, -2.98867393e-02,  6.33599386e-02,
       -1.20065585e-01,  0.00000000e+00, -1.50076086e-02,  2.92944819e-01,
        0.00000000e+00,  0.00000000e+00,  0.00000000e+00, -3.49808276e-01,
       -4.38666716e-02,  1.13428488e-01,  0.00000000e+00,  0.00000000e+00,
        1.21366672e-01, -8.28137398e-02,  0.00000000e+00,  0.00000000e+00,
        0.00000000e+00,  3.02538753e-01,  0.00000000e+00, -8.05369467e-02,
        0.00000000e+00,  1.14400731e-02,  9.28860530e-02,  6.85428753e-02,
        0.00000000e+00, -1.47092327e-01,  8.54279622e-02,  0.00000000e+00,
        0.00000000e+00,  0.00000000e+00,  0.00000000e+00, -1.26572892e-01,
        0.00000000e+00,  0.00000000e+00,  0.00000000e+00,  1.17872708e-01,
       -7.65705574e-03,  0.00000000e+00, -3.89327854e-01, -3.50702763e-01,
       -8.39519352e-02, -1.52312487e-01, -1.27948061e-01,  0.00000000e+00,
        7.50198513e-02,  0.00000000e+00,  2.72518327e-03, -2.26144195e-01,
       -1.53609335e-01,  1.40015826e-01,  0.00000000e+00,  0.00000000e+00,
        0.00000000e+00,  2.05805749e-01,  0.00000000e+00, -1.88518539e-01,
        3.17457259e-01,  0.00000000e+00,  9.14797708e-02,  0.00000000e+00,
        0.00000000e+00,  0.00000000e+00,  0.00000000e+00,  4.05159779e-02,
        0.00000000e+00,  2.84606725e-01,  0.00000000e+00,  0.00000000e+00,
        0.00000000e+00,  3.61532718e-01, -6.02171719e-02,  0.00000000e+00,
        1.09217912e-01,  1.13358691e-01,  1.99975207e-01,  0.00000000e+00,
        0.00000000e+00, -1.63660496e-01,  0.00000000e+00, -3.44162613e-01,
       -1.30218789e-01, -5.01308218e-02, -2.96153635e-01,  0.00000000e+00,
       -1.53923914e-01,  0.00000000e+00,  0.00000000e+00,  2.93507338e-01,
        1.64721563e-01, -8.47005174e-02, -1.86630741e-01, -1.02226637e-01,
       -3.09215076e-02, -8.80400985e-02,  0.00000000e+00,  1.90145686e-01,
        5.62597848e-02, -1.48313334e-02, -3.86225462e-01, -1.02726281e-01,
        0.00000000e+00,  0.00000000e+00,  0.00000000e+00,  0.00000000e+00,
       -1.39893815e-01,  1.71653166e-01,  0.00000000e+00, -1.11676395e-01,
        0.00000000e+00, -1.77998662e-01,  2.14830607e-01,  1.54869780e-01,
        0.00000000e+00,  8.65238234e-02,  0.00000000e+00, -2.39000440e-01,
       -4.36990172e-01, -2.58989841e-01,  4.80377711e-02, -4.35973657e-03,
        2.68448126e-02,  0.00000000e+00,  0.00000000e+00,  0.00000000e+00,
        8.81460588e-03,  0.00000000e+00, -1.48505524e-01,  0.00000000e+00,
        0.00000000e+00,  4.01615292e-01,  8.99916887e-02,  0.00000000e+00,
        5.07462204e-01,  1.98046148e-01,  0.00000000e+00, -3.68271798e-01,
       -7.10774511e-02,  0.00000000e+00,  0.00000000e+00,  2.41056725e-01,
        3.03982198e-02, -2.36303702e-01,  0.00000000e+00, -3.21894139e-01,
        0.00000000e+00,  0.00000000e+00, -3.91844958e-01, -5.65641224e-01,
        0.00000000e+00, -7.41979256e-02,  2.69004494e-01,  1.12240151e-01,
        0.00000000e+00,  1.46970395e-02,  1.14638336e-01,  0.00000000e+00,
       -8.36867467e-02,  5.66316955e-03,  0.00000000e+00,  0.00000000e+00,
        0.00000000e+00,  0.00000000e+00,  0.00000000e+00,  0.00000000e+00,
       -1.02791354e-01, -1.54282600e-01, -3.17344487e-01,  0.00000000e+00,
        1.18623637e-01,  1.25336140e-01,  2.52009004e-01,  1.09253675e-01,
        0.00000000e+00,  3.56266238e-02, -1.21801727e-01, -3.52019072e-02,
        0.00000000e+00, -4.33241546e-01,  0.00000000e+00,  2.43049607e-01,
       -1.99206285e-02, -2.29828522e-01,  0.00000000e+00, -5.42891398e-02,
        9.68590677e-02,  1.37997985e-01,  8.22694302e-02,  0.00000000e+00,
        0.00000000e+00,  5.11039086e-02,  0.00000000e+00,  3.77320319e-01,
       -9.01804343e-02,  6.10818975e-02, -4.55821157e-01, -3.14419001e-01,
        0.00000000e+00, -9.24983695e-02,  0.00000000e+00, -6.17097020e-02,
        3.31511676e-01, -4.23088551e-01, -4.40462619e-01,  0.00000000e+00,
        3.28278542e-01,  0.00000000e+00, -6.94213212e-02,  0.00000000e+00,
        6.00948781e-02, -7.21655786e-03,  3.61849099e-01, -3.64946350e-02,
        0.00000000e+00,  3.62498462e-01,  0.00000000e+00,  0.00000000e+00,
       -5.04921377e-01,  0.00000000e+00, -1.34794842e-02, -2.82622218e-01,
        0.00000000e+00,  2.87241310e-01,  0.00000000e+00, -2.73131967e-01,
        0.00000000e+00,  0.00000000e+00,  5.84369292e-03,  0.00000000e+00,
       -1.77484006e-04,  9.13043991e-02,  0.00000000e+00,  0.00000000e+00,
        1.02387764e-03,  1.70655355e-01,  2.58691698e-01, -3.56206447e-01,
        0.00000000e+00, -2.26905476e-03,  3.97286229e-02,  0.00000000e+00,
        0.00000000e+00, -9.32563469e-03,  0.00000000e+00,  0.00000000e+00,
        2.57405043e-01,  0.00000000e+00,  0.00000000e+00,  0.00000000e+00,
       -1.52522415e-01, -2.17284992e-01,  0.00000000e+00,  0.00000000e+00,
        1.09459125e-01,  0.00000000e+00,  6.86710626e-02,  1.10756017e-01,
       -1.51385799e-01,  0.00000000e+00, -1.52766287e-01, -1.21513687e-01,
        0.00000000e+00, -1.61195293e-01,  0.00000000e+00,  1.73180670e-01,
        0.00000000e+00, -3.41774821e-01,  1.53200299e-01,  6.27011240e-01,
        5.48098003e-03,  5.60242571e-02,  0.00000000e+00,  0.00000000e+00,
        0.00000000e+00, -2.20024005e-01, -3.17084074e-01,  1.89110041e-02,
        0.00000000e+00,  0.00000000e+00,  0.00000000e+00,  0.00000000e+00,
       -2.37035602e-02,  4.70834635e-02,  0.00000000e+00,  3.25393230e-01,
        0.00000000e+00, -2.26987168e-01,  0.00000000e+00,  0.00000000e+00],
      dtype=float32)]FC Layer, 100 (Glorot Init.) Original_Weights[array([[-0., -0.,  0., ...,  0.,  0., -0.],
       [ 0.,  0.,  0., ...,  0.,  0., -0.],
       [-0.,  0., -0., ..., -0., -0., -0.],
       ...,
       [ 0., -0.,  0., ..., -0.,  0., -0.],
       [ 0.,  0.,  0., ..., -0.,  0., -0.],
       [ 0., -0.,  0., ...,  0., -0.,  0.]], dtype=float32)
 array([ 0.00000000e+00,  0.00000000e+00,  3.83533835e-01,  0.00000000e+00,
        0.00000000e+00, -4.77684513e-02, -3.07010621e-01,  1.68269183e-02,
        0.00000000e+00, -6.56629577e-02, -1.22352624e-02, -2.47090757e-01,
        3.69293243e-01,  3.12762380e-01,  9.80891511e-02,  1.17177367e-01,
       -3.32208425e-01, -4.75644246e-02, -4.84209061e-02,  0.00000000e+00,
        8.52881223e-02, -2.96816789e-02,  4.87962484e-01, -1.68089852e-01,
        3.45489293e-01,  2.49482870e-01, -2.41665170e-01, -3.16755891e-01,
        6.75323009e-02,  0.00000000e+00,  3.98240715e-01,  3.98668140e-01,
        5.08243069e-02, -1.06616050e-01, -2.32052356e-02, -2.56310195e-01,
        1.83803424e-01,  0.00000000e+00,  1.25467435e-01,  5.57251796e-02,
       -3.21852803e-01, -9.64685902e-02, -4.49773297e-02, -2.08086744e-02,
        6.48804531e-02, -2.12525651e-01, -1.25624716e-01,  2.76763558e-01,
        1.09963991e-01,  0.00000000e+00,  0.00000000e+00,  4.02713925e-01,
        1.15324385e-01,  0.00000000e+00,  0.00000000e+00,  5.61794937e-01,
        2.29821578e-01,  0.00000000e+00, -9.88848209e-02,  0.00000000e+00,
        1.09920166e-01,  0.00000000e+00,  2.59316396e-02,  8.89105126e-02,
        7.09697381e-02,  0.00000000e+00,  0.00000000e+00,  0.00000000e+00,
       -1.93464175e-01,  4.93873537e-01, -3.47153157e-01,  2.00443357e-01,
        0.00000000e+00, -3.68670970e-01,  0.00000000e+00, -1.85715482e-01,
        6.92738518e-02,  2.23112315e-01, -9.22238380e-02, -8.55757222e-02,
       -1.88354507e-01,  0.00000000e+00,  1.57013595e-01,  3.12259912e-01,
        0.00000000e+00,  0.00000000e+00, -5.54359183e-02, -3.23573887e-01,
        0.00000000e+00, -2.05468386e-01, -1.07546039e-01, -7.80361472e-03,
       -2.31332004e-01, -1.67800654e-02,  1.97983289e-04, -2.51834005e-01,
        5.85704744e-01,  1.55592114e-01,  5.65604195e-02,  0.00000000e+00],
      dtype=float32)]FC Layer, 10 (Softmax) Original_Weights[array([[ 0.        , -0.        ,  0.        , -0.        , -0.        ,
        -0.        ,  0.        ,  0.        ,  0.        ,  0.        ],
       [-0.        , -0.        ,  0.        ,  0.        ,  0.        ,
        -0.        ,  0.        ,  0.        , -0.        , -0.        ],
       [-0.        , -0.        , -0.        ,  0.        ,  1.5704725 ,
         0.        ,  0.        ,  1.8076121 , -1.6419228 ,  0.        ],
       [ 0.        ,  0.        , -0.        , -0.        , -0.        ,
        -0.        , -0.        ,  0.        , -0.        , -0.        ],
       [ 0.        ,  0.        , -0.        ,  0.        , -0.        ,
        -0.        ,  0.        ,  0.        , -0.        ,  0.        ],
       [ 0.        ,  0.        , -0.        , -0.        , -0.        ,
         1.3188124 , -2.0452077 ,  0.        , -0.        ,  0.        ],
       [ 0.        , -0.        ,  0.        , -2.0232794 ,  0.        ,
         0.        , -0.        , -1.9466666 , -0.        , -0.        ],
       [-0.        ,  0.        , -0.        , -0.        ,  0.        ,
        -0.        , -0.        , -2.3731701 ,  0.        ,  0.        ],
       [ 0.        , -0.        , -0.        , -0.        ,  0.        ,
         0.        ,  0.        , -0.        , -0.        , -0.        ],
       [ 0.        ,  1.7932498 ,  0.        ,  0.        , -0.        ,
        -0.        ,  2.0859735 ,  0.        , -0.        , -0.        ],
       [ 0.        , -0.        , -0.        , -0.        , -0.        ,
         0.        , -1.9044672 ,  0.        , -0.        ,  0.        ],
       [ 0.        , -1.2741716 , -0.        ,  0.        , -0.        ,
        -0.        ,  0.        ,  0.        , -0.        , -0.        ],
       [-1.6725411 ,  0.        , -0.        , -0.        , -0.        ,
         0.        , -0.        ,  0.        , -2.1994262 ,  0.        ],
       [ 0.        ,  0.        , -0.        ,  1.7461351 , -0.        ,
        -0.        ,  0.        , -0.        ,  0.        , -0.        ],
       [ 0.        ,  0.        ,  0.        ,  0.        ,  2.4056308 ,
         0.        , -0.        , -0.        , -0.        ,  0.        ],
       [ 0.        ,  0.        ,  0.        , -0.        ,  0.        ,
        -2.1083074 , -0.        ,  0.        , -0.        ,  0.        ],
       [ 0.        ,  0.        , -0.        , -1.9749186 ,  0.        ,
        -0.        , -0.        ,  0.        ,  0.        , -0.        ],
       [-0.        ,  0.        ,  0.        , -0.        , -0.        ,
        -2.4832833 , -0.        ,  0.        ,  0.        ,  0.        ],
       [ 0.        , -0.        , -0.        , -0.        ,  0.        ,
         0.        , -0.        ,  0.        , -1.7387512 ,  0.        ],
       [-0.        ,  0.        ,  0.        ,  0.        ,  0.        ,
         0.        ,  0.        , -0.        , -0.        , -0.        ],
       [-1.0117859 , -0.        , -1.4463683 , -0.        , -0.        ,
         0.        ,  0.        ,  0.        , -0.        , -0.        ],
       [ 0.        ,  0.        , -1.4846877 , -0.        , -0.        ,
        -0.        ,  1.8936236 ,  0.        , -0.        ,  0.        ],
       [ 0.        ,  0.        ,  1.8284987 , -0.        , -0.        ,
        -0.        , -0.        ,  0.        , -0.        ,  0.        ],
       [ 0.        , -1.8343687 , -0.        ,  0.        ,  1.099934  ,
        -0.        ,  0.        , -0.        , -0.        ,  0.        ],
       [-0.        ,  0.        , -0.        ,  0.        , -0.        ,
        -0.        ,  0.        ,  1.675841  , -0.        , -0.        ],
       [-1.7048676 , -0.        , -0.        ,  0.        , -0.        ,
         0.        , -1.6117569 , -0.        ,  0.        ,  0.        ],
       [-0.        , -0.        ,  0.        , -0.        ,  2.1760929 ,
        -0.        , -0.        , -1.8774074 ,  0.        ,  0.        ],
       [-0.        , -0.9495527 ,  0.        , -0.        , -0.        ,
        -0.        ,  0.        , -0.        ,  2.2111628 ,  0.        ],
       [ 0.        , -0.        ,  0.        , -2.2560933 , -0.        ,
         0.        ,  0.        , -0.        , -0.        , -0.        ],
       [ 0.        ,  0.        , -0.        , -0.        ,  0.        ,
        -0.        , -0.        ,  0.        ,  0.        , -0.        ],
       [-0.        ,  0.        ,  0.        ,  0.        , -0.        ,
         0.        ,  0.        , -0.        , -2.0181305 , -0.        ],
       [ 0.        , -0.        ,  0.        , -1.552037  ,  2.017448  ,
         0.        , -0.        ,  0.        , -0.        ,  2.2243228 ],
       [-0.        , -2.0859852 , -1.4934897 , -0.        , -0.        ,
         0.        ,  0.        ,  0.        ,  0.        , -0.        ],
       [ 0.        , -0.        ,  0.        ,  0.        , -0.        ,
        -1.8831581 ,  0.        , -0.        , -0.        , -0.        ],
       [ 1.6444739 ,  0.        ,  0.        ,  0.        , -0.        ,
         0.        ,  0.        ,  0.        , -0.        , -0.        ],
       [ 2.3354502 , -0.        , -0.        ,  0.        ,  0.        ,
        -0.        ,  1.9284054 ,  0.        , -0.        , -0.        ],
       [-0.        , -0.        , -0.        , -1.5132203 , -0.        ,
        -0.        ,  0.        ,  0.        , -0.        , -0.        ],
       [ 0.        , -0.        ,  0.        ,  0.        ,  0.        ,
         0.        ,  0.        , -0.        , -0.        , -0.        ],
       [-0.        ,  1.9566547 ,  0.        ,  0.        , -0.        ,
         0.        , -0.        , -0.        ,  0.        , -0.        ],
       [ 0.        ,  1.9974741 ,  0.        ,  0.        ,  0.        ,
         0.        , -0.        , -0.        , -0.        , -0.        ],
       [ 0.        ,  0.        , -0.        , -0.        , -0.        ,
        -2.4978478 , -2.5794215 ,  0.        , -0.        ,  0.        ],
       [-0.        , -0.        ,  0.        ,  0.        ,  1.9167869 ,
         0.        ,  0.        , -0.        , -0.        ,  0.        ],
       [-0.        ,  0.        ,  1.483266  , -0.        ,  0.        ,
         0.        ,  0.        , -0.        ,  0.        , -0.        ],
       [ 0.        , -0.        , -0.        ,  0.        , -0.        ,
        -0.        ,  0.        , -0.        ,  0.        ,  1.8545712 ],
       [ 0.        ,  0.        ,  0.        , -0.        , -1.7743611 ,
        -0.        , -0.        ,  0.        ,  0.        ,  0.        ],
       [-0.        , -0.        ,  0.        ,  0.        , -0.        ,
        -2.044365  ,  0.        , -0.        , -0.        ,  0.        ],
       [ 0.        , -0.        , -2.0027235 , -1.2356317 , -0.        ,
        -0.        ,  0.        ,  0.        ,  0.        ,  0.        ],
       [ 0.        ,  0.        , -0.        , -0.        ,  0.        ,
        -0.        , -0.        ,  0.        , -1.9608933 ,  0.        ],
       [-0.        ,  0.        ,  0.        , -0.        ,  0.        ,
        -0.        , -0.        ,  0.        ,  2.0778322 , -1.8614223 ],
       [ 0.        , -0.        , -0.        , -0.        , -0.        ,
        -0.        ,  0.        ,  0.        ,  0.        ,  0.        ],
       [ 0.        ,  0.        , -0.        , -0.        ,  0.        ,
         0.        , -0.        ,  0.        ,  0.        , -0.        ],
       [ 0.        ,  0.        ,  1.4921736 ,  0.        , -1.3793299 ,
         0.        , -0.        ,  0.        , -0.        ,  0.        ],
       [-0.        , -0.        , -1.7548296 ,  0.        ,  0.        ,
         0.        ,  0.        , -0.        , -0.        , -0.        ],
       [-0.        , -0.        ,  0.        ,  0.        , -0.        ,
         0.        ,  0.        , -0.        , -0.        , -0.        ],
       [-0.        ,  0.        ,  0.        ,  0.        , -0.        ,
        -0.        , -0.        ,  0.        ,  0.        , -0.        ],
       [-0.        ,  0.        , -0.        ,  0.        ,  0.        ,
         1.9003284 ,  1.9537765 , -0.        ,  0.        , -0.        ],
       [-0.        ,  3.3437982 ,  0.        ,  0.        , -0.        ,
         0.        ,  0.        , -0.        , -0.        , -0.        ],
       [-0.        ,  0.        , -0.        , -0.        ,  0.        ,
        -0.        ,  0.        ,  0.        , -0.        ,  0.        ],
       [-0.        , -0.        ,  0.        ,  0.        ,  0.        ,
        -0.        ,  0.        , -1.5977899 ,  0.        , -0.        ],
       [ 0.        , -0.        ,  0.        ,  0.        , -0.        ,
         0.        , -0.        , -0.        ,  0.        , -0.        ],
       [-0.        , -0.        ,  0.        ,  0.        ,  0.        ,
         1.47521   , -0.        , -0.        ,  0.        , -0.        ],
       [-0.        , -0.        ,  0.        ,  0.        , -0.        ,
        -0.        , -0.        ,  0.        , -0.        ,  0.        ],
       [ 0.        ,  0.        ,  0.        , -0.        ,  0.        ,
        -0.        , -0.        ,  0.        ,  0.        , -2.028994  ],
       [ 1.6697611 , -0.        ,  0.        ,  0.        ,  0.        ,
         0.        ,  0.        , -0.        , -0.        , -0.        ],
       [-0.        , -0.        ,  1.8757107 ,  0.        ,  0.        ,
        -0.        ,  0.        , -0.        , -0.        ,  0.        ],
       [ 0.        , -0.        ,  0.        ,  0.        ,  0.        ,
         0.        , -0.        , -0.        , -0.        , -0.        ],
       [ 0.        ,  0.        , -0.        ,  0.        ,  0.        ,
        -0.        , -0.        , -0.        , -0.        ,  0.        ],
       [-0.        , -0.        ,  0.        ,  0.        , -0.        ,
         0.        , -0.        , -0.        , -0.        ,  0.        ],
       [-0.        , -0.        , -0.        ,  0.        , -0.        ,
         0.        ,  0.        , -0.        ,  0.        ,  1.6953702 ],
       [-0.        ,  0.        ,  0.        , -0.        , -0.        ,
         0.        ,  0.        ,  2.2928498 ,  0.        , -0.91267234],
       [-0.        ,  0.        ,  0.        ,  0.        ,  0.        ,
        -0.        ,  2.3684585 , -1.3642445 ,  0.        , -0.        ],
       [-0.        ,  0.        , -0.        ,  0.        ,  0.        ,
         2.0070329 , -0.        , -1.107216  ,  0.        ,  0.        ],
       [ 0.        ,  0.        , -0.        ,  0.        , -0.        ,
        -0.        , -0.        ,  0.        ,  0.        ,  0.        ],
       [ 0.        ,  0.        ,  0.        ,  0.        , -0.        ,
        -0.        , -1.0632727 ,  0.        , -0.        ,  0.        ],
       [-0.        ,  0.        , -0.        ,  0.        , -0.        ,
        -0.        ,  0.        , -0.        , -0.        ,  0.        ],
       [ 2.4365065 , -0.        , -0.        ,  0.        ,  0.        ,
        -0.        ,  2.8794973 ,  0.        , -0.        ,  0.        ],
       [ 0.        ,  0.        , -0.        , -2.2799006 ,  0.        ,
        -2.8350177 , -0.        ,  0.        , -0.        , -0.        ],
       [ 1.6989006 ,  0.        , -0.        ,  0.        , -0.        ,
         0.        ,  0.        , -0.        , -1.6371562 , -0.        ],
       [-0.        , -2.791685  ,  0.        , -0.        , -2.3172555 ,
        -0.        ,  0.        , -0.        ,  0.        ,  0.        ],
       [-0.        ,  1.8804303 ,  0.        , -0.        ,  0.        ,
        -2.4500358 , -0.        ,  0.        ,  0.        , -0.        ],
       [-0.        , -0.        , -0.        ,  0.        ,  0.        ,
        -1.7307769 ,  0.        , -0.        , -0.        , -0.        ],
       [-0.        ,  0.        , -0.        , -0.        , -0.        ,
        -0.        ,  0.        , -0.        ,  0.        ,  0.        ],
       [-1.6585077 ,  0.        ,  0.        , -0.        ,  0.        ,
        -0.        , -0.        ,  0.        ,  0.        ,  0.        ],
       [-0.        , -0.        , -0.        ,  0.        ,  0.        ,
         1.1702193 , -0.        ,  0.        , -0.        , -0.        ],
       [ 0.        ,  0.        ,  0.        , -0.        ,  0.        ,
         0.        ,  0.        ,  0.        , -0.        , -0.        ],
       [ 0.        ,  0.        ,  0.        , -0.        , -0.        ,
         0.        , -0.        , -0.        , -0.        , -0.        ],
       [-0.        , -0.        , -0.        ,  1.4568659 , -0.        ,
         0.        , -0.        , -0.        , -0.        , -0.        ],
       [-0.        ,  0.        , -0.        , -1.8743359 ,  0.        ,
        -0.        , -0.        ,  0.        ,  1.7264298 , -0.        ],
       [ 0.        , -0.        ,  0.        , -0.        , -0.        ,
        -0.        , -0.        ,  0.        , -0.        ,  0.        ],
       [ 0.        , -0.        , -1.3843457 , -0.        , -0.        ,
        -0.        , -0.        ,  0.        ,  0.        ,  1.7225868 ],
       [ 0.        ,  0.        ,  0.        , -0.        ,  0.        ,
         0.        , -0.        , -1.5198165 ,  0.        , -0.        ],
       [-0.        ,  0.        ,  0.        , -0.        , -0.        ,
        -0.        , -0.        , -0.        ,  0.        , -2.2482445 ],
       [ 0.        ,  0.        ,  0.        , -0.        , -2.2699447 ,
        -0.        ,  0.        , -0.        ,  0.        ,  1.7194417 ],
       [ 0.        , -0.        ,  2.0014045 , -0.        ,  0.        ,
         0.        ,  0.        , -0.        , -0.        ,  0.        ],
       [ 0.        , -0.        , -0.        ,  0.        , -2.2718472 ,
         0.        ,  0.        , -0.        , -0.        ,  0.        ],
       [ 2.0603511 , -0.        , -0.        ,  0.        , -0.        ,
        -0.        ,  0.        , -0.        ,  0.        ,  0.9481696 ],
       [-1.9552438 , -0.        ,  0.        , -0.        , -0.        ,
         0.        , -2.5696628 , -0.        ,  0.        ,  0.        ],
       [-0.        ,  1.923545  ,  0.        , -0.        ,  0.        ,
         0.        , -0.        , -0.        ,  0.        , -0.        ],
       [ 0.        ,  0.        ,  1.5651253 ,  0.        , -0.        ,
         0.        ,  0.        , -0.        ,  0.        , -0.        ],
       [ 0.        ,  0.        , -0.        ,  0.        , -0.        ,
        -0.        , -0.        , -0.        ,  0.        ,  0.        ]],
      dtype=float32)
 array([ 0.13900669,  0.4134955 ,  0.12963033, -0.0136204 , -0.02002377,
        0.50041133, -0.12505974,  0.34045565, -0.7717138 , -0.33067316],
      dtype=float32)]