FC Layer, 300 (Glorot Init.) Original_Weights[array([[ 0.,  0.,  0., ..., -0.,  0.,  0.],
       [ 0., -0., -0., ..., -0.,  0., -0.],
       [ 0.,  0., -0., ..., -0., -0., -0.],
       ...,
       [ 0.,  0., -0., ...,  0.,  0.,  0.],
       [ 0., -0., -0., ...,  0.,  0., -0.],
       [-0., -0., -0., ..., -0., -0., -0.]], dtype=float32)
 array([-0.11264673,  0.0217379 ,  0.09369132,  0.27172083,  0.        ,
       -0.23453729,  0.02015116, -0.02253267,  0.        ,  0.13925569,
        0.02302852, -0.25061244,  0.07024724, -0.04114128, -0.13228868,
        0.0368343 ,  0.02861337,  0.        , -0.02677073,  0.0786854 ,
       -0.04183899, -0.08111821,  0.        , -0.14586748,  0.11178305,
        0.19708736, -0.13118848, -0.24814186,  0.        ,  0.08538359,
       -0.01428465,  0.132553  ,  0.00400194,  0.07936207, -0.05801893,
        0.00996181,  0.        ,  0.03107192,  0.4005777 , -0.3056399 ,
        0.12462948,  0.        , -0.02245782, -0.2686847 ,  0.        ,
        0.4004174 ,  0.        ,  0.18483415, -0.0960348 ,  0.16887355,
       -0.08043847, -0.1586405 , -0.15405035, -0.01698784,  0.08368374,
        0.        ,  0.00780457, -0.31348893,  0.123651  ,  0.13114302,
        0.07709782, -0.07921451,  0.        ,  0.17195182, -0.02433133,
        0.17824148,  0.        , -0.35048294,  0.15643406,  0.03659687,
        0.01216384,  0.22665282,  0.        ,  0.08440597,  0.        ,
       -0.1288232 ,  0.        , -0.01557107,  0.        , -0.05859028,
       -0.02069636,  0.1118554 ,  0.22855355,  0.14692804,  0.22057888,
        0.11551633,  0.05237053, -0.00868011,  0.        , -0.17523159,
        0.14552002,  0.09844521, -0.1790038 ,  0.13802318,  0.24513206,
       -0.10380755, -0.1045946 , -0.15093869,  0.09836384,  0.16449997,
       -0.12289459, -0.02816371, -0.17008905, -0.06797973, -0.03809707,
       -0.1245326 , -0.16785784,  0.04992262,  0.1537644 , -0.31939974,
       -0.11558694,  0.00584245, -0.06121788,  0.0439122 ,  0.        ,
       -0.08428589,  0.01067832, -0.03342161, -0.01325565, -0.09203468,
        0.        , -0.3399763 , -0.0671997 ,  0.02139448,  0.        ,
        0.30557564,  0.02407484,  0.05247389, -0.19601928, -0.16622068,
       -0.23825407,  0.01988703,  0.06814401,  0.        ,  0.01375128,
        0.20413092,  0.13400567,  0.2857624 ,  0.06438737, -0.1281893 ,
        0.01967295,  0.00728398,  0.06080993,  0.        , -0.09458268,
        0.14252725, -0.00692804, -0.19283296, -0.12876816,  0.        ,
        0.        ,  0.28096324,  0.10733797,  0.05554053,  0.        ,
       -0.04988724, -0.11334796,  0.02496177, -0.34824145, -0.27726704,
        0.        , -0.13711518,  0.10237369,  0.20559296,  0.        ,
        0.01091427, -0.00998918,  0.        , -0.04806342,  0.01002341,
       -0.00382638, -0.01585317, -0.11957741,  0.        ,  0.08697989,
       -0.38913995,  0.0720926 ,  0.00847165,  0.13578534, -0.14653766,
        0.28811994, -0.09949046,  0.00986049,  0.13215646, -0.15561531,
       -0.00904141, -0.05431893, -0.23774746,  0.03620556, -0.14149264,
        0.        ,  0.11995015,  0.10605245, -0.26648784,  0.        ,
        0.00496237,  0.12158476,  0.12600206,  0.39908928, -0.06378604,
        0.07334282, -0.16048229,  0.        ,  0.30031285, -0.20180762,
        0.16804886,  0.02534601, -0.08251847,  0.0723801 ,  0.01688209,
       -0.05628094,  0.18911918,  0.24933574, -0.19424078, -0.11697514,
        0.        ,  0.22635671,  0.11235374,  0.12144046,  0.02598797,
       -0.02240718,  0.064934  ,  0.21726958,  0.03194407, -0.16887379,
        0.16963501,  0.        , -0.07722936, -0.15478827,  0.2051472 ,
       -0.11178761, -0.13527425,  0.        ,  0.1384939 ,  0.        ,
       -0.08234507, -0.11051783, -0.07088074, -0.01164531,  0.102833  ,
       -0.06462499,  0.21054785,  0.25316593, -0.11345108, -0.05348914,
        0.17217982,  0.08524877, -0.217626  , -0.03698139,  0.08887228,
       -0.05387424,  0.        , -0.14904308,  0.00860151,  0.16167818,
        0.        ,  0.08426489,  0.02115273, -0.20458333, -0.12967372,
        0.11133307, -0.32265276,  0.1377669 , -0.22356635,  0.10916015,
        0.        ,  0.15710667, -0.05199255, -0.23321548,  0.        ,
       -0.20187753, -0.12851235,  0.        , -0.08195116,  0.        ,
        0.12742451,  0.14002243, -0.02483787,  0.00913653, -0.10783979,
        0.09770279, -0.07792851, -0.0515418 ,  0.        ,  0.10178999,
       -0.00768429,  0.00715249,  0.2056666 ,  0.        ,  0.44961336,
       -0.09115539,  0.12319345,  0.01965422, -0.01907054,  0.        ,
        0.08218729,  0.        , -0.22863223, -0.3880218 , -0.02458332],
      dtype=float32)]FC Layer, 100 (Glorot Init.) Original_Weights[array([[-0.        , -0.        ,  0.        , ..., -0.        ,
         0.        , -0.        ],
       [ 0.        ,  0.        ,  0.        , ..., -0.        ,
        -0.        , -0.79407316],
       [-0.        ,  0.        , -0.        , ...,  0.        ,
        -0.        ,  0.        ],
       ...,
       [ 0.        , -0.        , -0.        , ..., -0.        ,
        -0.        ,  0.        ],
       [ 0.        ,  0.        ,  0.        , ..., -0.        ,
        -0.        ,  0.        ],
       [ 0.        , -0.        , -0.        , ...,  0.        ,
         0.        ,  0.        ]], dtype=float32)
 array([ 0.00000000e+00, -3.13338228e-02,  1.68885127e-01,  5.87352663e-02,
       -2.27854192e-01,  1.07654572e-01, -1.50063887e-01,  5.14759962e-03,
       -4.44601506e-01,  1.07056985e-04, -8.82830173e-02, -3.19658488e-01,
        2.95907795e-01,  2.57201672e-01, -4.41049710e-02, -1.84332073e-01,
       -1.73155189e-01, -5.39103486e-02,  1.17888726e-01,  0.00000000e+00,
        5.26120700e-02, -3.65650430e-02,  2.17370465e-01, -2.55535692e-01,
        2.30682120e-01,  2.92453557e-01, -2.36125097e-01, -3.74615401e-01,
       -2.39533186e-02,  0.00000000e+00,  2.75614798e-01, -3.15401927e-02,
       -9.90630910e-02, -3.81088912e-01,  1.57196581e-01, -1.22818090e-01,
        2.05959097e-01, -9.32233781e-02,  7.91955441e-02,  9.05475207e-03,
       -1.36115551e-01, -7.75294453e-02,  6.70179278e-02,  1.09582655e-02,
       -1.44966230e-01, -3.52764875e-02, -3.13539714e-01,  3.33301723e-01,
       -8.97595137e-02,  0.00000000e+00,  0.00000000e+00, -1.43399723e-02,
       -1.30086064e-01, -7.29203075e-02,  3.76435257e-02,  2.30663359e-01,
        1.73914686e-01,  0.00000000e+00,  2.74864547e-02,  0.00000000e+00,
        3.81168306e-01, -1.11013442e-01,  4.35047336e-02,  7.24180192e-02,
        2.86692362e-02, -2.12261438e-01,  0.00000000e+00,  0.00000000e+00,
       -7.62703642e-02,  3.38187486e-01, -1.15443036e-01, -4.98045050e-03,
       -1.49527118e-01, -3.68807852e-01,  0.00000000e+00, -1.62654892e-01,
        9.42024440e-02,  1.57954261e-01, -1.16137117e-01, -3.61134671e-02,
       -1.17622152e-01,  0.00000000e+00,  6.93176612e-02, -7.23977163e-02,
       -1.54012427e-01,  0.00000000e+00, -1.52453959e-01, -1.05587386e-01,
       -3.31851602e-01, -1.93417192e-01, -1.92444921e-01,  1.71676114e-01,
       -2.18040898e-01,  8.88666511e-02, -1.37377575e-01, -2.56879270e-01,
        3.10121238e-01, -1.40798371e-02,  2.00299881e-04, -4.89693098e-02],
      dtype=float32)]FC Layer, 10 (Softmax) Original_Weights[array([[ 0.        , -0.        ,  0.        , -0.        , -0.        ,
        -0.        ,  0.        ,  0.        ,  0.        ,  0.        ],
       [-0.        ,  0.        , -0.        ,  0.        ,  0.        ,
        -0.        ,  0.        ,  0.        , -0.        ,  0.        ],
       [-0.        ,  0.        ,  0.        , -0.        ,  1.1304451 ,
        -0.        ,  0.        ,  1.3416679 , -1.582845  , -0.        ],
       [-0.        ,  0.        ,  1.3168379 , -0.        , -0.        ,
        -0.        ,  0.        ,  0.        , -0.        ,  0.        ],
       [-0.        ,  0.        ,  0.        ,  0.        ,  0.        ,
        -0.        ,  0.        , -0.        , -0.        ,  1.4257704 ],
       [-0.        , -0.        ,  0.        , -0.        , -0.        ,
         1.3799891 , -1.7750818 ,  0.        , -0.        , -0.        ],
       [-0.        , -0.        ,  0.        , -1.5632837 ,  0.        ,
         0.        , -0.        , -1.4370397 , -0.        ,  0.        ],
       [ 0.        , -0.        ,  0.        , -0.        , -0.        ,
         0.        , -0.        , -1.6653739 ,  0.        ,  0.        ],
       [-0.        ,  0.        , -0.        ,  0.        ,  0.        ,
        -0.        ,  0.        , -0.        ,  1.2049854 , -0.        ],
       [ 0.        ,  1.3319277 ,  0.        ,  0.        ,  0.        ,
        -0.        ,  1.6247936 , -0.        , -0.        ,  0.        ],
       [ 0.        ,  0.        , -0.        , -0.        , -0.        ,
        -0.        , -1.8893961 ,  0.        ,  0.        , -0.        ],
       [ 0.        , -1.5405656 , -0.        , -0.        ,  0.        ,
        -0.        , -0.        , -0.        ,  0.        , -0.        ],
       [-1.4145945 , -0.        , -0.        , -0.        , -0.        ,
         1.1780658 , -0.        ,  0.        , -1.4324147 , -0.        ],
       [ 0.        ,  0.        , -0.        ,  1.8626579 , -0.        ,
        -0.        , -0.        ,  0.        , -1.1848353 , -0.        ],
       [ 0.        ,  0.        , -0.        ,  0.        ,  1.5401244 ,
        -0.        , -0.        ,  0.        ,  0.        , -0.        ],
       [ 0.        , -0.        , -0.        , -0.        , -0.        ,
        -1.6068765 ,  0.        ,  0.        , -0.        , -0.        ],
       [ 0.        , -0.        ,  0.        , -1.4239093 , -0.        ,
         0.        , -0.        ,  0.        , -0.        ,  0.        ],
       [-0.        , -0.        ,  0.        ,  1.1196984 , -0.        ,
        -1.3978087 ,  0.        ,  0.        , -0.        ,  0.98896384],
       [-0.        ,  0.        ,  0.        , -0.        , -0.        ,
        -0.        ,  0.        ,  1.1162882 , -1.5723177 ,  0.        ],
       [-0.        ,  0.        ,  0.        ,  0.        ,  0.        ,
         0.        ,  0.        , -0.        , -0.        , -0.        ],
       [-1.1928686 , -0.        , -1.4887615 , -0.        ,  0.        ,
        -0.        ,  0.        ,  0.        ,  0.        , -0.        ],
       [ 0.        ,  0.        , -1.4811567 , -0.        , -0.        ,
        -0.        ,  1.559973  ,  0.        ,  0.        ,  0.        ],
       [-0.        , -0.        ,  1.2932686 , -0.        ,  0.        ,
         0.        ,  0.        , -0.        , -0.        ,  0.        ],
       [-0.        , -1.7045276 ,  0.        , -0.        ,  1.211608  ,
        -0.        ,  0.        , -0.        , -0.        ,  0.        ],
       [ 0.        , -0.        ,  0.        , -0.        ,  0.        ,
        -0.        ,  0.        ,  1.8170645 , -0.        , -0.        ],
       [-1.5750746 , -0.        ,  0.        , -0.        ,  0.        ,
        -0.        , -1.2816877 ,  0.        ,  0.        ,  1.368968  ],
       [-0.        , -0.        ,  0.        , -0.        ,  1.4422611 ,
         0.        , -0.        , -1.3314023 ,  0.        ,  0.        ],
       [ 0.        , -1.1774439 , -0.        ,  0.        , -0.        ,
         0.        , -0.        ,  0.        ,  1.3638102 ,  0.        ],
       [-0.        ,  0.        , -0.        , -1.1555865 ,  1.34093   ,
        -0.        , -0.        ,  0.        ,  0.        ,  0.        ],
       [ 0.        ,  0.        , -0.        , -0.        ,  0.        ,
        -0.        , -0.        ,  0.        ,  0.        , -0.        ],
       [-0.        ,  0.        , -0.        ,  0.        ,  0.        ,
        -0.        ,  0.        ,  1.3129274 , -1.4561107 , -0.        ],
       [-0.        ,  0.        ,  0.        , -1.6305711 ,  1.6195291 ,
         0.        ,  0.        ,  0.        ,  0.        ,  1.2919531 ],
       [ 0.        , -1.3017335 , -1.7180345 ,  1.1566807 , -0.        ,
         0.        , -0.        ,  0.        ,  0.        , -0.        ],
       [-0.        , -0.        ,  0.        , -0.        , -0.        ,
        -1.879164  ,  0.        ,  0.        , -0.        ,  0.        ],
       [ 1.6112359 , -0.        , -0.        ,  0.        ,  0.        ,
         0.        , -0.        , -0.        , -0.        , -0.        ],
       [ 1.900963  ,  0.        , -0.        ,  0.        , -0.        ,
        -0.        ,  1.3701012 ,  0.        ,  0.        ,  0.        ],
       [ 0.        ,  0.        , -0.        , -1.50289   ,  0.        ,
        -0.        , -0.        , -0.        ,  0.        , -0.        ],
       [ 1.027681  ,  0.        , -0.        ,  0.        , -0.        ,
         0.        ,  1.4614551 , -0.        ,  0.        , -0.        ],
       [-0.        ,  1.5469602 ,  0.        , -0.        ,  0.        ,
        -0.        ,  0.        , -0.        , -0.        , -0.        ],
       [-0.        ,  1.7393765 , -1.1377308 ,  0.        ,  0.        ,
         0.        ,  0.        , -0.        , -0.        , -0.        ],
       [ 0.        , -0.        ,  0.        , -0.        , -0.        ,
        -1.4602354 , -1.9223434 ,  0.        , -0.        , -0.        ],
       [-0.        ,  0.        , -0.        ,  0.        ,  1.3313487 ,
        -0.        ,  0.        , -0.        , -0.        ,  0.        ],
       [-0.        ,  0.        ,  1.5740398 ,  0.        , -0.        ,
        -0.        ,  0.        ,  0.        ,  0.        , -0.        ],
       [-0.        ,  0.        ,  0.        , -0.        ,  0.        ,
        -0.        ,  0.        , -0.        , -0.        ,  1.309555  ],
       [ 0.        , -0.        ,  0.        , -0.        , -1.5894313 ,
         0.        , -0.        ,  0.        , -0.        ,  0.        ],
       [-0.        ,  0.        ,  0.        , -0.        , -0.        ,
        -1.7605841 ,  0.        ,  0.        , -0.        ,  0.        ],
       [ 0.        ,  0.        , -1.6762979 , -1.1822217 , -0.        ,
         0.        , -0.        ,  0.        ,  0.        ,  1.1379229 ],
       [ 0.        , -0.        , -0.        , -1.3212073 , -0.        ,
         0.        , -0.        ,  0.        , -1.4522775 ,  0.        ],
       [-0.        , -0.        ,  0.        ,  0.        ,  0.        ,
        -0.        ,  0.        , -0.        ,  1.31905   , -1.6893516 ],
       [ 0.        , -0.        , -0.        , -0.        , -0.        ,
        -0.        ,  0.        ,  0.        ,  0.        ,  0.        ],
       [ 0.        ,  0.        , -0.        , -0.        ,  0.        ,
         0.        , -0.        ,  0.        ,  0.        , -0.        ],
       [-0.        , -0.        ,  1.5774138 ,  0.        , -1.1978205 ,
         0.        ,  0.        , -0.        ,  1.1708741 , -0.        ],
       [-0.        ,  0.        , -1.2471157 ,  0.        ,  0.        ,
        -0.        , -0.        , -0.        ,  0.        , -0.        ],
       [-0.        ,  0.        ,  1.537765  ,  0.        ,  0.        ,
        -1.2169607 ,  0.        , -0.        ,  0.        , -0.        ],
       [-0.        ,  0.        ,  0.        ,  0.        , -1.7749848 ,
        -0.        ,  0.        , -0.        , -0.        ,  0.        ],
       [-0.        ,  0.        ,  0.        , -0.        ,  0.        ,
         1.4787116 ,  1.1017854 , -0.        , -0.        ,  0.        ],
       [-0.        ,  1.9506521 , -0.        , -0.        ,  0.        ,
        -0.        ,  0.        , -0.        ,  0.        , -0.        ],
       [-0.        ,  0.        , -0.        , -0.        ,  0.        ,
        -0.        ,  0.        ,  0.        , -0.        ,  0.        ],
       [ 0.        , -0.        ,  0.        , -0.        , -0.        ,
         0.        , -0.        , -1.4215136 ,  0.        , -0.        ],
       [ 0.        , -0.        ,  0.        ,  0.        , -0.        ,
         0.        , -0.        , -0.        ,  0.        , -0.        ],
       [ 0.        , -0.        , -0.        ,  0.        ,  0.        ,
         1.3579292 , -0.        , -0.        , -0.        ,  0.        ],
       [-0.        ,  0.        , -1.1723014 , -0.        ,  1.4488143 ,
        -0.        ,  0.        ,  0.        ,  0.        , -0.        ],
       [ 0.        , -0.        ,  1.2755338 ,  0.        , -0.        ,
         0.        , -0.        , -0.        ,  0.        , -1.2530057 ],
       [ 1.1600392 ,  0.        , -0.        ,  0.        ,  0.        ,
        -0.        , -0.        , -0.        ,  0.        , -0.        ],
       [ 0.        , -0.        ,  1.6257287 ,  0.        , -0.        ,
        -0.        , -0.        ,  0.        ,  0.        , -0.        ],
       [-0.        ,  0.        ,  0.        ,  0.        ,  0.        ,
         0.        ,  1.6890104 , -0.        , -0.        ,  0.        ],
       [ 0.        ,  0.        , -0.        ,  0.        ,  0.        ,
        -0.        , -0.        , -0.        , -0.        ,  0.        ],
       [-0.        , -0.        ,  0.        ,  0.        , -0.        ,
         0.        , -0.        , -0.        , -0.        ,  0.        ],
       [-0.        , -0.        ,  0.        , -0.        , -1.2050403 ,
        -0.        ,  0.        ,  0.        , -0.        ,  1.2496501 ],
       [ 0.        , -0.        ,  0.        , -0.        ,  0.        ,
         0.        , -0.        ,  1.4706802 , -0.        , -1.5764598 ],
       [ 0.        ,  0.        ,  0.        , -0.        ,  0.        ,
         0.        ,  1.9655838 , -1.1610847 , -0.        ,  0.        ],
       [ 0.        ,  0.        , -0.        ,  0.        , -0.        ,
         1.6108057 , -0.        , -1.7112354 ,  0.        , -0.        ],
       [ 1.2273995 ,  0.        , -0.        ,  0.        ,  0.        ,
        -0.        ,  0.        , -0.        , -0.        ,  0.        ],
       [ 0.        , -0.        ,  0.        ,  0.        , -0.        ,
        -1.3361932 , -1.4706944 ,  0.        ,  0.        , -0.        ],
       [-0.        ,  0.        , -0.        ,  0.        , -0.        ,
        -0.        ,  0.        , -0.        , -0.        ,  0.        ],
       [ 2.1661663 , -0.        ,  0.        ,  0.        , -0.        ,
        -0.        ,  1.8345313 , -0.        ,  0.        ,  0.        ],
       [ 0.        , -0.        ,  0.        , -1.5998718 , -0.        ,
        -1.7749162 , -0.        ,  0.        ,  1.0757715 , -0.        ],
       [ 1.6153514 ,  0.        ,  1.3741611 ,  0.        ,  0.        ,
         0.        , -0.        , -0.        , -1.6210775 , -0.        ],
       [ 0.        , -1.8294104 , -0.        ,  0.        , -1.5573157 ,
         0.        , -0.        ,  0.        ,  1.4913791 , -0.        ],
       [-0.        ,  1.6008896 ,  0.        ,  0.        ,  1.502356  ,
        -1.7128407 ,  0.        , -0.        ,  0.        ,  0.        ],
       [-0.        ,  0.        , -0.        , -0.        , -0.        ,
        -1.469577  ,  0.        ,  0.        ,  0.        ,  0.        ],
       [-0.        ,  0.        , -0.        , -0.        , -0.        ,
        -0.        ,  0.        , -0.        ,  0.        ,  0.        ],
       [-1.6497449 , -0.        ,  0.        ,  1.3975987 , -0.        ,
         0.        ,  0.        , -0.        , -0.        , -0.        ],
       [-0.        ,  0.        , -0.        ,  0.        ,  0.        ,
         1.4570739 ,  0.        , -0.        ,  0.        ,  0.        ],
       [ 0.        , -0.        , -0.        ,  1.1386013 , -0.        ,
         0.        , -0.        ,  0.        ,  0.        ,  0.        ],
       [ 0.        ,  0.        ,  0.        , -0.        , -0.        ,
         0.        , -0.        , -0.        , -0.        , -0.        ],
       [-0.        ,  0.        , -0.        ,  1.3148304 ,  0.        ,
        -1.2223008 ,  0.        , -0.        ,  0.        ,  0.        ],
       [ 0.        , -0.        ,  0.        , -1.2099738 , -0.        ,
         0.        , -0.        ,  0.        ,  1.1439104 ,  0.        ],
       [ 0.        , -1.3634093 , -0.        ,  1.1705962 , -0.        ,
         0.        , -0.        ,  0.        ,  0.        , -0.        ],
       [ 0.        , -0.        , -1.3534491 , -0.        , -0.        ,
         0.        , -0.        , -0.        ,  0.        ,  1.2909251 ],
       [ 0.        , -0.        , -0.        ,  0.        , -0.        ,
         0.        , -0.        , -1.8404478 ,  0.        , -0.        ],
       [ 0.        ,  0.        , -0.        , -0.        ,  0.        ,
         0.        , -0.        ,  0.        ,  0.        , -1.6038318 ],
       [-0.        , -1.3674244 ,  0.        , -0.        , -1.8695275 ,
         0.        ,  0.        ,  0.        , -0.        ,  1.5141318 ],
       [ 0.        , -0.        ,  1.431999  ,  0.        , -0.        ,
         0.        , -0.        ,  0.        ,  0.        , -0.        ],
       [ 0.        , -0.        , -0.        ,  0.        , -1.4367226 ,
         0.        , -1.1503146 , -0.        , -0.        ,  1.1589634 ],
       [ 1.6341714 ,  0.        , -0.        , -0.        ,  0.        ,
        -0.        ,  0.        , -0.        , -0.        ,  1.6548984 ],
       [-1.1212635 ,  0.        , -0.        , -0.        ,  0.        ,
         0.        , -1.3875773 ,  0.        ,  0.        , -0.        ],
       [-0.        ,  1.4960058 , -0.        ,  0.        ,  0.        ,
        -0.        ,  0.        , -0.        ,  0.        , -0.        ],
       [ 0.        , -0.        ,  1.5602062 ,  0.        , -0.        ,
         0.        , -0.        , -0.        , -0.        ,  0.        ],
       [-0.        ,  0.        , -0.        ,  1.0139598 ,  0.        ,
        -0.        ,  0.        , -0.        , -0.        ,  0.        ]],
      dtype=float32)
 array([ 0.20874755,  0.34860417,  0.1942112 , -0.09075768, -0.12250372,
        0.339076  ,  0.02843777,  0.20349887, -0.5945602 , -0.2783338 ],
      dtype=float32)]