FC Layer, 300 (Glorot Init.) Original_Weights[array([[ 0.,  0.,  0., ..., -0.,  0.,  0.],
       [ 0., -0., -0., ..., -0.,  0., -0.],
       [ 0.,  0., -0., ..., -0., -0., -0.],
       ...,
       [ 0.,  0., -0., ...,  0.,  0.,  0.],
       [ 0., -0., -0., ...,  0.,  0., -0.],
       [-0., -0., -0., ..., -0., -0., -0.]], dtype=float32)
 array([-1.20472409e-01,  2.64485758e-02, -4.82788719e-02,  3.36720318e-01,
        0.00000000e+00, -1.52053222e-01, -2.86846347e-02, -4.68655154e-02,
        0.00000000e+00,  2.68691301e-01, -3.69771570e-02, -3.53479445e-01,
        5.53512946e-02, -2.18484062e-03, -1.23393521e-01,  1.80426180e-01,
        4.67397422e-02,  0.00000000e+00,  0.00000000e+00, -1.53871074e-01,
        4.33705226e-02,  1.63419053e-01,  0.00000000e+00, -1.97099835e-01,
        1.34001583e-01,  3.62969637e-01,  0.00000000e+00, -2.05425993e-01,
        0.00000000e+00,  1.53887898e-01,  0.00000000e+00,  1.68330312e-01,
        0.00000000e+00,  2.45401561e-02,  3.06171278e-05,  1.16170578e-01,
        0.00000000e+00,  1.25333697e-01,  2.47750133e-01, -1.04944736e-01,
        3.44904587e-02,  0.00000000e+00, -3.98909412e-02, -2.80443370e-01,
        0.00000000e+00,  3.25226068e-01,  0.00000000e+00,  1.44052282e-02,
       -1.00081064e-01,  2.33173728e-01, -1.19109571e-01, -1.35372177e-01,
       -3.55468929e-01, -2.81595327e-02,  1.01557754e-01,  0.00000000e+00,
        1.20756641e-01, -2.04112738e-01,  6.74112514e-02,  1.27351180e-01,
        1.64897561e-01, -2.26338170e-02,  0.00000000e+00,  0.00000000e+00,
       -1.90147720e-02,  2.44629666e-01,  0.00000000e+00, -3.48939806e-01,
        1.72571033e-01,  2.77082045e-02, -3.44657451e-02,  3.25556040e-01,
        0.00000000e+00,  0.00000000e+00,  0.00000000e+00, -1.77552223e-01,
        0.00000000e+00, -1.04942173e-01,  0.00000000e+00, -8.71535391e-02,
       -1.40864030e-01,  1.17755450e-01,  1.92852482e-01,  2.41930500e-01,
        2.58514702e-01,  5.29917739e-02, -2.34372452e-01,  2.95525827e-02,
        0.00000000e+00, -1.97073251e-01,  1.06584929e-01, -8.97659734e-02,
        1.16749899e-02,  1.95287615e-01, -1.47991985e-01, -4.99300323e-02,
       -1.42460587e-02, -1.63249791e-01, -1.66621849e-01,  2.09640667e-01,
       -5.30767553e-02,  8.03817157e-03, -2.88114637e-01, -1.24247268e-01,
       -2.67115403e-02, -1.99313268e-01, -3.08085948e-01,  3.21419574e-02,
        1.73577443e-01, -3.46864671e-01, -2.37402171e-02,  1.71972141e-02,
        6.21176846e-02,  1.20335825e-01,  0.00000000e+00, -4.76391502e-02,
        1.42902598e-01,  8.42675045e-02,  0.00000000e+00, -1.65159479e-01,
        0.00000000e+00, -3.59414011e-01, -1.93928275e-02,  1.42295852e-01,
        0.00000000e+00,  1.81404620e-01,  0.00000000e+00, -8.59096721e-02,
       -3.11096549e-01, -1.24866553e-01, -2.77197331e-01, -1.13716917e-02,
        8.43337029e-02,  0.00000000e+00, -2.03518532e-02,  2.94242203e-01,
       -2.02743262e-02,  0.00000000e+00,  6.26148656e-02, -8.24269280e-02,
        4.60049734e-02,  1.55683726e-01,  7.84467608e-02,  0.00000000e+00,
       -5.37671670e-02,  1.39166608e-01,  3.92271625e-03, -2.11815760e-01,
       -1.65080443e-01,  0.00000000e+00,  0.00000000e+00,  1.97845027e-01,
        1.14530392e-01,  5.14876214e-04,  0.00000000e+00, -4.38624695e-02,
       -1.31555900e-01,  3.95401157e-02, -2.94401884e-01, -3.24699193e-01,
        0.00000000e+00, -2.60138124e-01,  2.06828773e-01,  2.79725432e-01,
        0.00000000e+00,  1.20502234e-01, -2.16926485e-01,  0.00000000e+00,
        1.03965141e-01,  3.25654037e-02,  0.00000000e+00,  0.00000000e+00,
       -1.19006589e-01,  0.00000000e+00,  1.27163514e-01, -2.74445325e-01,
        8.58114064e-02,  1.90635640e-02,  1.71478927e-01, -8.64515305e-02,
       -5.97068947e-03,  3.68078798e-02, -8.93854052e-02,  8.74589533e-02,
        0.00000000e+00, -4.60108183e-02, -9.34834555e-02, -1.63257614e-01,
        1.42414078e-01, -1.48332089e-01,  0.00000000e+00,  1.24299057e-01,
       -2.12525055e-02, -3.99666697e-01,  0.00000000e+00, -8.19740072e-02,
        9.73504037e-02, -2.41992876e-01,  3.61832649e-01, -7.69675616e-03,
        2.89401244e-02, -2.46228784e-01,  0.00000000e+00,  3.05590987e-01,
       -9.19842646e-02,  2.28508636e-01, -2.16824412e-01, -1.54918477e-01,
        3.61826904e-02,  3.20666470e-02,  6.83699967e-04,  1.11315802e-01,
        2.63014197e-01, -2.30570272e-01, -1.07211411e-01,  0.00000000e+00,
        2.78793454e-01,  3.18217603e-03,  1.86851379e-02,  1.91220287e-02,
        1.67702809e-01,  1.15280785e-01,  3.66902411e-01,  1.73222095e-01,
       -2.17587858e-01,  2.09042668e-01,  0.00000000e+00, -1.14534095e-01,
       -1.77640751e-01,  9.64735597e-02, -5.09295203e-02, -7.01506510e-02,
        0.00000000e+00,  2.15443954e-01,  0.00000000e+00, -2.83331931e-01,
       -6.71158955e-02, -5.64205721e-02,  4.62976843e-02,  2.34545127e-01,
       -2.00108007e-01,  1.32618368e-01,  1.97902635e-01, -7.52928108e-02,
       -8.87601599e-02,  1.65200263e-01,  1.61002159e-01, -2.37757951e-01,
        6.54346198e-02,  1.39764324e-01, -1.04994982e-01,  0.00000000e+00,
       -1.33009419e-01,  8.81618410e-02,  0.00000000e+00,  0.00000000e+00,
        9.59303230e-02, -9.00477543e-03,  1.93089601e-02, -9.04750898e-02,
       -3.28150243e-02, -4.64017719e-01,  2.12283865e-01,  0.00000000e+00,
        1.48218200e-01,  0.00000000e+00,  2.45276347e-01,  3.29902917e-02,
       -2.64444143e-01,  0.00000000e+00, -2.79672086e-01, -1.90788031e-01,
        0.00000000e+00, -1.18565775e-01,  0.00000000e+00,  1.59061134e-01,
        1.40497938e-01, -4.17570025e-02,  1.53892159e-01, -2.32476100e-01,
        1.87194288e-01, -1.70796230e-01, -2.12077767e-01,  0.00000000e+00,
        1.58255488e-01,  2.13541053e-02,  1.98684372e-02,  1.66258633e-01,
        0.00000000e+00,  5.19702852e-01, -9.63438228e-02,  2.40690336e-01,
        1.05954846e-02,  5.46441637e-02,  0.00000000e+00,  3.21233928e-01,
        0.00000000e+00, -3.01883101e-01, -2.30638012e-01, -1.80862114e-01],
      dtype=float32)]FC Layer, 100 (Glorot Init.) Original_Weights[array([[-0.       , -0.       ,  0.       , ..., -0.       , -0.       ,
        -0.       ],
       [ 0.       ,  0.       ,  0.       , ..., -0.       , -0.       ,
        -0.8594905],
       [-0.       ,  0.       ,  0.       , ..., -0.       ,  0.       ,
        -0.       ],
       ...,
       [ 0.       , -0.       ,  0.       , ..., -0.       , -0.       ,
        -0.       ],
       [ 0.       ,  0.       ,  0.       , ..., -0.       , -0.       ,
        -0.       ],
       [ 0.       , -0.       ,  0.       , ..., -0.       , -0.       ,
         0.       ]], dtype=float32)
 array([ 0.        ,  0.        ,  0.1573215 , -0.06504884, -0.17762902,
        0.1156994 , -0.20803934,  0.07433157, -0.7486832 , -0.00739217,
        0.01351037, -0.23866393,  0.27789325,  0.3482246 ,  0.04013559,
       -0.00968654, -0.29763094, -0.00679467,  0.10031283,  0.        ,
        0.11933313, -0.0012861 ,  0.24835135, -0.2663362 ,  0.22005305,
        0.43472213, -0.25941306, -0.367361  , -0.04469547,  0.        ,
        0.5201549 ,  0.12608905, -0.15420552, -0.35093233,  0.01990506,
       -0.2427488 ,  0.29041183, -0.21066363,  0.10637435,  0.05753127,
       -0.21292382, -0.12703642,  0.00649746,  0.14162205, -0.15595417,
       -0.12355606, -0.24736986,  0.33147368,  0.00290434,  0.        ,
        0.        ,  0.07914093, -0.20343512, -0.16830713,  0.12768611,
        0.37917352,  0.10134106,  0.        ,  0.12615027,  0.        ,
        0.2009803 , -0.1471264 ,  0.0295697 ,  0.17888616,  0.04277587,
       -0.14913504,  0.        ,  0.        , -0.04881413,  0.3748286 ,
       -0.14380452,  0.01711687, -0.09837025, -0.5103418 ,  0.        ,
       -0.18417439,  0.0487228 ,  0.17718984, -0.1192321 , -0.05211927,
       -0.10528683,  0.        ,  0.13890077,  0.12982644, -0.22640753,
        0.        , -0.19600506, -0.13638261, -0.2411857 , -0.29881808,
       -0.3452432 ,  0.09320687, -0.37807325, -0.13292342, -0.16805671,
       -0.19002876,  0.35217893,  0.05645349,  0.0013922 , -0.04968605],
      dtype=float32)]FC Layer, 10 (Softmax) Original_Weights[array([[ 0.       , -0.       ,  0.       , -0.       , -0.       ,
        -0.       ,  0.       ,  0.       ,  0.       ,  0.       ],
       [-0.       , -0.       ,  0.       ,  0.       ,  0.       ,
        -0.       ,  0.       ,  0.       , -0.       , -0.       ],
       [ 0.       , -0.       ,  0.       ,  0.       ,  1.3875574,
        -0.       , -0.       ,  1.4576387, -1.9433419,  0.       ],
       [ 0.       , -0.       ,  1.1934867,  0.       ,  0.       ,
        -0.       , -0.       ,  0.       ,  0.       , -0.       ],
       [ 0.       , -0.       , -0.       ,  0.       , -0.       ,
        -0.       , -0.       ,  0.       ,  0.       , -0.       ],
       [-0.       ,  0.       , -0.       , -0.       , -0.       ,
         1.4054707, -2.0483673, -0.       , -0.       ,  0.       ],
       [-0.       , -0.       , -0.       , -1.8368433, -0.       ,
        -0.       ,  0.       , -1.6662698, -0.       ,  0.       ],
       [-0.       ,  0.       ,  0.       , -0.       , -0.       ,
         0.       ,  0.       , -1.828186 , -0.       ,  0.       ],
       [-0.       ,  0.       ,  0.       ,  0.       ,  0.       ,
        -0.       , -0.       ,  0.       ,  1.2316606, -0.       ],
       [ 0.       ,  1.5456628, -0.       ,  0.       ,  0.       ,
        -0.       ,  1.7780101, -0.       ,  0.       ,  0.       ],
       [ 0.       ,  0.       ,  0.       , -0.       ,  0.       ,
         0.       , -1.958401 , -0.       , -0.       ,  0.       ],
       [-0.       , -1.7600093,  0.       , -0.       ,  0.       ,
        -0.       , -0.       , -0.       ,  0.       , -0.       ],
       [-1.5650035,  0.       , -0.       , -0.       , -0.       ,
         0.       , -0.       , -0.       , -1.989852 ,  0.       ],
       [-0.       , -0.       , -0.       ,  2.0079386,  0.       ,
         0.       ,  0.       ,  0.       , -0.       ,  0.       ],
       [ 0.       ,  0.       , -0.       , -0.       ,  1.8381411,
         0.       , -0.       ,  0.       ,  0.       , -0.       ],
       [ 0.       ,  0.       , -0.       , -0.       , -0.       ,
        -1.7647395, -0.       , -0.       , -0.       ,  0.       ],
       [-0.       ,  0.       ,  0.       , -1.8026955,  0.       ,
         0.       ,  0.       , -0.       , -0.       ,  0.       ],
       [ 0.       , -0.       ,  0.       ,  1.0661749, -0.       ,
        -1.4184551, -0.       , -0.       ,  0.       ,  0.       ],
       [-0.       ,  0.       ,  0.       ,  0.       ,  0.       ,
        -0.       , -0.       ,  0.       , -1.568429 , -0.       ],
       [-0.       ,  0.       ,  0.       ,  0.       ,  0.       ,
         0.       ,  0.       , -0.       , -0.       , -0.       ],
       [-1.4800036,  0.       , -1.5921086, -0.       , -0.       ,
         0.       ,  0.       , -0.       , -0.       ,  0.       ],
       [-0.       ,  0.       , -1.6972647, -0.       , -0.       ,
        -0.       ,  1.8335471, -0.       , -0.       ,  0.       ],
       [-0.       , -0.       ,  1.4838889, -0.       , -0.       ,
         0.       , -0.       ,  0.       , -0.       ,  0.       ],
       [-0.       , -2.0314753,  0.       ,  0.       ,  1.3774942,
        -0.       , -0.       ,  0.       , -0.       , -0.       ],
       [ 0.       , -0.       , -0.       ,  0.       , -0.       ,
        -0.       ,  0.       ,  1.8009261, -0.       ,  0.       ],
       [-1.597962 ,  0.       ,  0.       , -0.       , -0.       ,
         0.       , -1.4493579, -0.       , -0.       ,  1.6812532],
       [ 0.       ,  0.       , -0.       , -0.       ,  1.6928834,
        -0.       ,  0.       , -1.2672222,  0.       , -0.       ],
       [ 0.       , -1.2499427, -0.       ,  0.       ,  0.       ,
        -0.       ,  0.       , -0.       ,  1.3340907, -0.       ],
       [ 0.       ,  0.       ,  0.       , -1.4503474,  1.3962342,
        -0.       , -0.       , -0.       ,  0.       , -0.       ],
       [ 0.       ,  0.       , -0.       , -0.       ,  0.       ,
        -0.       , -0.       ,  0.       ,  0.       , -0.       ],
       [ 0.       , -0.       , -0.       ,  0.       ,  0.       ,
        -0.       ,  0.       ,  1.2574135, -1.845372 ,  0.       ],
       [ 0.       ,  0.       , -0.       , -1.7546042,  1.9452742,
        -0.       , -0.       ,  0.       ,  0.       ,  1.1634102],
       [ 0.       , -1.9922091, -2.079376 , -0.       , -0.       ,
         0.       ,  0.       , -0.       , -0.       ,  0.       ],
       [ 0.       ,  0.       ,  0.       ,  0.       ,  0.       ,
        -1.9533038, -0.       ,  0.       , -0.       , -0.       ],
       [ 1.7972647, -0.       , -0.       ,  0.       ,  0.       ,
        -0.       ,  0.       ,  0.       ,  0.       , -0.       ],
       [ 1.9610324,  0.       ,  0.       ,  0.       ,  0.       ,
         0.       ,  1.4329859, -0.       , -0.       , -0.       ],
       [-0.       , -0.       ,  0.       , -1.5968745,  0.       ,
        -0.       , -0.       , -0.       ,  0.       , -0.       ],
       [ 0.       ,  0.       , -0.       , -0.       ,  0.       ,
         0.       ,  1.6543027, -0.       ,  0.       , -0.       ],
       [ 0.       ,  1.697081 , -0.       ,  0.       ,  0.       ,
         0.       , -0.       ,  0.       ,  0.       , -0.       ],
       [-0.       ,  1.8602291, -1.228721 ,  0.       , -0.       ,
        -0.       , -0.       ,  0.       ,  0.       , -0.       ],
       [-0.       ,  0.       ,  0.       , -0.       , -0.       ,
        -1.5253195, -2.397463 , -0.       , -0.       ,  0.       ],
       [ 0.       , -0.       ,  0.       ,  0.       ,  1.4297603,
        -0.       , -0.       ,  0.       ,  0.       , -0.       ],
       [ 0.       , -0.       ,  1.6869174,  0.       ,  0.       ,
        -0.       , -0.       ,  0.       ,  0.       , -0.       ],
       [ 0.       , -0.       ,  0.       ,  0.       , -0.       ,
        -0.       , -0.       , -0.       ,  0.       ,  1.4484704],
       [-0.       ,  0.       , -0.       , -0.       , -1.4560832,
         0.       ,  0.       , -0.       , -0.       ,  0.       ],
       [ 0.       ,  0.       ,  0.       ,  0.       ,  0.       ,
        -2.0486414, -0.       ,  0.       ,  0.       , -0.       ],
       [ 0.       , -0.       , -1.7635427, -1.3311204,  0.       ,
        -0.       ,  0.       , -0.       , -0.       ,  1.1798593],
       [-0.       , -0.       ,  0.       , -1.3655998,  0.       ,
        -0.       ,  0.       , -0.       , -1.4833783,  0.       ],
       [-0.       , -0.       , -0.       , -0.       , -0.       ,
         0.       , -0.       ,  0.       ,  1.5363302, -1.7635955],
       [ 0.       , -0.       , -0.       , -0.       , -0.       ,
        -0.       ,  0.       ,  0.       ,  0.       ,  0.       ],
       [ 0.       ,  0.       , -0.       , -0.       ,  0.       ,
         0.       , -0.       ,  0.       ,  0.       , -0.       ],
       [-0.       , -0.       ,  1.7893088,  0.       , -1.4971743,
         0.       ,  0.       ,  0.       ,  0.       ,  0.       ],
       [ 0.       ,  0.       , -1.4176872,  0.       ,  0.       ,
        -0.       , -0.       , -0.       ,  0.       , -0.       ],
       [ 0.       , -0.       ,  1.5518168,  0.       , -0.       ,
        -0.       , -0.       ,  0.       ,  0.       , -0.       ],
       [-0.       , -0.       ,  0.       ,  0.       , -1.9075769,
        -0.       ,  0.       , -0.       ,  0.       , -0.       ],
       [-0.       , -0.       ,  0.       ,  0.       ,  0.       ,
         1.4277292,  1.3495672,  0.       ,  0.       , -0.       ],
       [ 0.       ,  2.205844 ,  0.       ,  0.       , -0.       ,
        -0.       , -0.       , -0.       ,  0.       ,  0.       ],
       [-0.       ,  0.       , -0.       , -0.       ,  0.       ,
        -0.       ,  0.       ,  0.       , -0.       ,  0.       ],
       [-0.       ,  0.       ,  0.       , -0.       , -0.       ,
         0.       ,  0.       , -1.3650985, -0.       ,  0.       ],
       [ 0.       , -0.       ,  0.       ,  0.       , -0.       ,
         0.       , -0.       , -0.       ,  0.       , -0.       ],
       [ 0.       ,  0.       ,  0.       ,  0.       ,  0.       ,
         1.4922296, -0.       ,  0.       ,  0.       , -0.       ],
       [-0.       , -0.       , -0.       ,  0.       ,  1.4061481,
        -0.       , -0.       ,  0.       ,  0.       ,  0.       ],
       [-0.       , -0.       ,  1.353822 ,  0.       ,  0.       ,
         0.       ,  0.       , -0.       , -0.       , -1.4814348],
       [ 1.3991386, -0.       , -0.       ,  0.       ,  0.       ,
        -0.       ,  0.       , -0.       , -0.       , -0.       ],
       [ 0.       ,  0.       ,  1.7780355, -0.       ,  0.       ,
        -0.       , -0.       ,  0.       ,  0.       , -0.       ],
       [-0.       , -0.       ,  0.       ,  0.       , -0.       ,
        -0.       ,  1.4926836,  0.       ,  0.       ,  0.       ],
       [ 0.       ,  0.       , -0.       ,  0.       ,  0.       ,
        -0.       , -0.       , -0.       , -0.       ,  0.       ],
       [-0.       , -0.       ,  0.       ,  0.       , -0.       ,
         0.       , -0.       , -0.       , -0.       ,  0.       ],
       [ 0.       ,  0.       , -0.       ,  0.       , -1.2718128,
        -0.       , -0.       ,  0.       ,  0.       ,  1.2765986],
       [ 0.       , -0.       , -0.       ,  0.       ,  0.       ,
        -0.       ,  0.       ,  1.7376179,  0.       , -1.5563035],
       [ 0.       , -0.       , -0.       ,  0.       ,  0.       ,
        -0.       ,  2.1333904, -1.3018185,  0.       , -0.       ],
       [ 0.       ,  0.       , -0.       , -0.       , -0.       ,
         1.8340235,  0.       , -2.1654077, -0.       ,  0.       ],
       [ 0.       , -0.       , -0.       ,  0.       ,  0.       ,
        -0.       , -0.       ,  0.       ,  0.       , -0.       ],
       [-0.       , -0.       , -0.       , -0.       ,  0.       ,
        -1.2786002, -1.5553439, -0.       , -0.       ,  0.       ],
       [-0.       ,  0.       , -0.       ,  0.       , -0.       ,
        -0.       ,  0.       , -0.       , -0.       ,  0.       ],
       [ 2.2750354, -0.       , -0.       ,  0.       , -0.       ,
        -0.       ,  2.4158847,  0.       ,  0.       , -0.       ],
       [-0.       , -0.       ,  0.       , -1.9812397, -0.       ,
        -2.020594 ,  0.       ,  0.       ,  0.       ,  0.       ],
       [ 1.8883427, -0.       ,  1.463724 ,  0.       ,  0.       ,
        -0.       , -0.       ,  0.       , -1.7779759, -0.       ],
       [ 0.       , -1.9519573, -0.       ,  0.       , -1.6981697,
         0.       , -0.       , -0.       ,  1.3495041,  0.       ],
       [ 0.       ,  1.354092 , -0.       , -0.       ,  1.5429403,
        -1.8169569, -0.       ,  0.       ,  0.       , -0.       ],
       [-0.       ,  0.       ,  0.       ,  0.       ,  0.       ,
        -1.8151848, -0.       , -0.       ,  0.       , -0.       ],
       [-0.       ,  0.       , -0.       , -0.       , -0.       ,
        -0.       ,  0.       , -0.       ,  0.       ,  0.       ],
       [-1.6070999,  0.       ,  0.       ,  1.3082513, -0.       ,
         0.       ,  0.       ,  0.       ,  0.       ,  0.       ],
       [-0.       , -0.       ,  0.       ,  0.       , -0.       ,
         1.6266624, -0.       ,  0.       , -0.       , -0.       ],
       [ 0.       ,  0.       , -0.       , -0.       ,  0.       ,
         0.       , -0.       ,  0.       ,  0.       , -0.       ],
       [ 0.       ,  0.       ,  0.       , -0.       , -0.       ,
         0.       , -0.       , -0.       , -0.       , -0.       ],
       [ 0.       , -0.       , -0.       ,  1.4753134, -0.       ,
        -1.4728616, -0.       ,  0.       ,  0.       , -0.       ],
       [-0.       , -0.       ,  0.       , -1.253772 , -0.       ,
         0.       ,  0.       ,  0.       ,  1.379187 ,  0.       ],
       [-0.       , -1.2203888,  0.       ,  1.3260423, -0.       ,
        -0.       ,  0.       ,  0.       , -0.       ,  0.       ],
       [-0.       ,  0.       , -1.4977562, -0.       , -0.       ,
        -0.       ,  0.       , -0.       , -0.       ,  1.3333187],
       [ 0.       ,  0.       ,  0.       , -0.       ,  0.       ,
         0.       ,  0.       , -1.7946167,  0.       , -0.       ],
       [-0.       , -0.       , -0.       ,  0.       ,  0.       ,
         0.       ,  0.       , -0.       ,  0.       , -2.0025015],
       [ 0.       , -1.3054868, -0.       ,  0.       , -2.0626287,
         0.       , -0.       , -0.       ,  0.       ,  2.0382423],
       [ 0.       ,  0.       ,  1.6409775, -0.       ,  0.       ,
         0.       , -0.       , -0.       ,  0.       , -0.       ],
       [ 0.       , -0.       , -0.       ,  0.       , -1.6131681,
         0.       , -1.3556261, -0.       , -0.       ,  0.       ],
       [ 2.072582 , -0.       ,  0.       ,  0.       ,  0.       ,
        -0.       ,  0.       , -0.       ,  0.       ,  1.6847223],
       [-1.4651514,  0.       , -0.       , -0.       , -0.       ,
         0.       , -1.6702231, -0.       , -0.       ,  0.       ],
       [ 0.       ,  1.4286897,  0.       ,  0.       , -0.       ,
        -0.       , -0.       ,  0.       ,  0.       , -0.       ],
       [ 0.       ,  0.       ,  1.8427621, -0.       ,  0.       ,
         0.       , -0.       , -0.       ,  0.       , -0.       ],
       [ 0.       ,  0.       , -0.       ,  0.       , -0.       ,
        -0.       , -0.       , -0.       ,  0.       , -0.       ]],
      dtype=float32)
 array([ 0.2319976 ,  0.45404667,  0.18813804, -0.06456693, -0.10281285,
        0.37816703, -0.02035441,  0.23122403, -0.7603725 , -0.34172782],
      dtype=float32)]