FC Layer, 300 (Glorot Init.) Original_Weights[array([[ 0.,  0.,  0., ..., -0.,  0.,  0.],
       [ 0., -0., -0., ..., -0.,  0., -0.],
       [ 0.,  0., -0., ..., -0., -0., -0.],
       ...,
       [ 0.,  0., -0., ...,  0.,  0.,  0.],
       [ 0., -0., -0., ...,  0.,  0., -0.],
       [-0., -0., -0., ..., -0., -0., -0.]], dtype=float32)
 array([-5.68619631e-02,  1.55613959e-01,  2.01401129e-01,  5.37522696e-02,
        0.00000000e+00, -1.48522750e-01,  5.46121262e-02,  8.33811909e-02,
        0.00000000e+00,  1.08757727e-01,  4.93842214e-02, -1.05268613e-01,
       -2.26468947e-02, -1.45596817e-01, -1.53655991e-01, -4.56776619e-02,
        1.22295637e-02,  1.20427683e-01,  9.16379765e-02,  3.93755361e-03,
        7.87874386e-02, -4.16916236e-02, -1.33731782e-01,  1.86133459e-02,
        1.76696554e-01,  5.16679734e-02, -7.09114671e-02, -1.70685768e-01,
       -1.25770703e-01,  1.03657648e-01, -9.46143344e-02, -3.30186710e-02,
       -7.69077688e-02,  2.59778346e-03, -9.42527056e-02,  1.48409382e-01,
        0.00000000e+00, -1.71954304e-01,  3.75455618e-02, -2.64502585e-01,
        1.80217430e-01, -5.69002843e-03, -3.90595533e-02, -1.05797186e-01,
       -2.64093671e-02,  6.38651475e-02,  8.09547454e-02,  5.04089147e-03,
       -8.67838562e-02,  9.59045067e-02, -1.42508194e-01, -5.12870513e-02,
       -6.18315414e-02, -1.50924832e-01, -5.55781350e-02, -1.80751979e-02,
        9.98625681e-02, -2.08357558e-01,  8.43417570e-02,  8.15159678e-02,
        8.66512023e-03, -5.19627780e-02, -9.56753492e-02,  2.69858211e-01,
        8.75243638e-03,  6.46110922e-02, -1.05286077e-01, -1.72082216e-01,
        1.97471236e-03, -6.07860759e-02, -6.25238419e-02, -7.61567950e-02,
        0.00000000e+00,  3.26014943e-02,  7.47850239e-02, -1.15414364e-02,
       -5.18101715e-02,  3.38437892e-02,  0.00000000e+00,  2.10752652e-04,
       -1.39188841e-01,  4.88231890e-02,  9.93436649e-02,  8.77899975e-02,
        2.50279363e-02,  1.67375341e-01,  1.74797457e-02,  4.18837965e-02,
        5.55847846e-02, -1.53532416e-01,  1.74156025e-01, -7.83047974e-02,
       -1.12441115e-01,  1.75263435e-01, -1.22773284e-02, -1.59583632e-02,
       -8.84720907e-02,  1.28360689e-01,  7.66372234e-02, -2.45320494e-03,
       -6.19419329e-02, -2.32003480e-02, -2.35063359e-01,  5.76396696e-02,
       -3.18564707e-03, -5.92678748e-02, -6.73287958e-02,  8.67834836e-02,
       -1.85312331e-02, -5.03136963e-02, -1.78286374e-01, -1.48657169e-02,
        4.21140604e-02,  2.85876870e-01,  0.00000000e+00, -3.93035151e-02,
       -8.38530883e-02, -4.23993263e-03,  7.60077387e-02, -1.03223227e-01,
        1.39654819e-02, -2.29813904e-01, -6.25937479e-03,  4.34867665e-02,
        0.00000000e+00,  1.46347463e-01, -2.58964747e-01,  9.93727595e-02,
       -1.16951719e-01, -1.89174652e-01, -1.52457692e-02, -2.74566449e-02,
        3.77784856e-02, -1.36939185e-02,  3.99591625e-02,  1.84965402e-01,
        1.47897363e-01,  1.59794748e-01,  6.89584240e-02,  5.96253797e-02,
       -1.42694991e-02, -9.64841023e-02,  1.11844465e-02,  0.00000000e+00,
       -5.69024011e-02,  3.47217396e-02, -1.12369381e-01, -1.04796104e-01,
        9.18989554e-02,  0.00000000e+00,  0.00000000e+00,  8.66310447e-02,
       -1.81877054e-02,  2.48676762e-01,  3.94750461e-02,  8.31346139e-02,
        8.99443701e-02,  1.52365621e-02, -1.86741292e-01, -1.01059563e-01,
        1.04519151e-01, -5.74170761e-02,  4.04898860e-02,  9.89537463e-02,
       -9.80319381e-02, -1.38199016e-01,  4.42343131e-02,  0.00000000e+00,
       -1.29813820e-01,  5.20034954e-02,  5.81552349e-02, -2.17985511e-02,
       -1.07943818e-01, -3.83970775e-02,  4.54743169e-02, -1.21242292e-02,
       -5.27669154e-02, -6.81731775e-02,  8.61699581e-02, -5.19462079e-02,
        1.07466646e-01,  6.89006969e-02, -9.37421918e-02,  7.27765486e-02,
       -2.20929414e-01, -1.10113613e-01,  1.21038273e-01, -1.67100012e-01,
        1.56584576e-01, -1.46289915e-01,  0.00000000e+00,  1.26805410e-01,
        1.91378951e-01, -2.73546670e-03,  1.64357096e-01, -8.90121534e-02,
        7.13253918e-04,  5.05719557e-02,  2.44171470e-01,  7.37748994e-03,
        4.00772952e-02, -2.93701235e-02, -5.83856590e-02,  2.01403975e-01,
       -1.78695887e-01,  1.87459476e-02, -1.96939502e-02, -3.88481505e-02,
        1.42885298e-01,  1.12738527e-01, -6.55624866e-02,  1.85814694e-01,
        5.51639730e-03, -5.08830063e-02, -1.96138054e-01,  1.38719589e-01,
        1.01578087e-01,  2.39151996e-02,  1.00621246e-01,  2.69725937e-02,
       -4.22773100e-02,  2.85164844e-02, -7.03531951e-02,  5.96263036e-02,
        1.58323534e-02,  6.39751628e-02,  9.08524543e-02,  3.40768434e-02,
        1.39576569e-02,  1.30756050e-01, -1.15160465e-01, -4.57307175e-02,
       -2.63849776e-02,  1.00764656e-03,  0.00000000e+00, -2.67931316e-02,
        1.13993287e-01, -1.37370467e-01,  8.75586458e-03,  6.66692629e-02,
        2.17217095e-02,  9.71681997e-02,  1.89782947e-01, -2.12610871e-01,
        5.86990975e-02,  7.18352795e-02,  1.79723680e-01, -8.69470313e-02,
       -3.99159454e-02,  5.31330481e-02,  9.88224149e-02,  1.33672878e-01,
       -8.20077509e-02, -1.44381270e-01,  1.87623709e-01, -2.78695337e-02,
       -2.06051357e-02, -2.09529456e-02,  6.90507740e-02, -4.04319055e-02,
        9.56466049e-02, -2.22822860e-01,  1.43812582e-01, -1.57624364e-01,
       -2.50953808e-02, -7.77258649e-02,  3.52635956e-03, -4.83209565e-02,
       -2.05455720e-01,  5.89534349e-04, -2.07232282e-01,  5.28671257e-02,
       -8.17199349e-02, -1.10286482e-01, -5.79783730e-02, -4.26759198e-02,
        9.85527262e-02, -1.88792739e-02,  3.48295979e-02, -1.48580059e-01,
        7.96035528e-02,  6.60876790e-03, -1.78482216e-02,  0.00000000e+00,
        1.97205655e-02, -1.58155821e-02,  8.78352001e-02, -1.71046592e-02,
        2.37393603e-01,  2.32035816e-01,  7.68152177e-02,  9.73045230e-02,
       -8.14789440e-03,  5.27261421e-02,  2.30079785e-01,  2.01325998e-01,
        7.38356858e-02, -7.04547241e-02, -2.36039057e-01, -1.36121407e-01],
      dtype=float32)]FC Layer, 100 (Glorot Init.) Original_Weights[array([[-0.       , -0.       ,  0.       , ...,  0.       ,  0.       ,
        -0.       ],
       [-0.       ,  0.       , -0.       , ..., -0.       , -0.       ,
        -0.5159882],
       [ 0.       , -0.       , -0.       , ...,  0.       ,  0.       ,
        -0.       ],
       ...,
       [ 0.       , -0.       ,  0.       , ..., -0.       ,  0.       ,
        -0.       ],
       [-0.       , -0.       , -0.       , ...,  0.       ,  0.       ,
        -0.       ],
       [ 0.       ,  0.       ,  0.       , ..., -0.       , -0.       ,
        -0.       ]], dtype=float32)
 array([ 0.04824017, -0.19647126,  0.09073947,  0.10085955, -0.06385023,
        0.27193502,  0.02627493,  0.04974009, -0.23649976,  0.20961611,
       -0.09775458, -0.15546529,  0.21532708,  0.25532246, -0.03221631,
        0.06474253,  0.13205263, -0.05449286,  0.28586572,  0.10445992,
       -0.00666382,  0.09804988,  0.2026141 , -0.18110688,  0.1819568 ,
        0.20559469, -0.14160687, -0.22499423, -0.09408887, -0.17146121,
        0.2388829 , -0.08670482, -0.04206837, -0.2156869 , -0.10255828,
       -0.1528368 ,  0.04645662, -0.21368228,  0.06609036, -0.01856875,
       -0.24032283, -0.12181479,  0.05273825, -0.03280005, -0.09680672,
        0.02373303, -0.16036826,  0.14009933, -0.04617116,  0.043331  ,
        0.        , -0.01978866,  0.02981892, -0.01641186,  0.10093615,
        0.15242699,  0.1634463 ,  0.175898  , -0.10761396,  0.09546289,
        0.1491419 , -0.22105722, -0.03937677,  0.01681902, -0.04521785,
       -0.12983793,  0.00610898,  0.03550717,  0.01691221,  0.04486428,
        0.0426833 ,  0.02446871, -0.08927681, -0.10678601,  0.        ,
       -0.11725685, -0.00282262,  0.11381612, -0.22890356,  0.04030237,
        0.00790983, -0.38012126, -0.09778938,  0.05274903, -0.05559956,
       -0.01606249, -0.00436648, -0.04764894, -0.17808267, -0.08378857,
       -0.10322675, -0.06388266, -0.19562255,  0.03250716, -0.09522503,
       -0.07013859,  0.1553704 ,  0.17041928, -0.00590788, -0.11113477],
      dtype=float32)]FC Layer, 10 (Softmax) Original_Weights[array([[-0.        ,  0.        , -0.75594085, -0.        , -0.8838724 ,
         0.        , -0.        ,  0.        , -0.        ,  0.        ],
       [ 0.        , -0.        , -1.0060673 ,  0.        , -0.        ,
         0.        , -0.        ,  0.        , -0.        , -0.        ],
       [ 0.        ,  0.        , -0.        , -0.        ,  0.9107114 ,
         0.        , -0.        ,  1.1319023 , -0.8064762 ,  0.        ],
       [ 0.        , -0.        ,  1.122759  , -0.69382   ,  0.        ,
        -0.7094099 , -0.        ,  0.        , -0.        , -0.        ],
       [ 0.        ,  0.        , -0.        ,  0.        ,  0.        ,
         0.        , -0.        ,  0.        ,  0.        ,  1.1479436 ],
       [ 0.        ,  0.        ,  0.        , -0.        ,  0.        ,
         0.9719158 , -1.0859321 , -0.        , -0.        , -0.        ],
       [-0.        , -0.        ,  0.        , -1.2590802 ,  0.        ,
         0.94524556,  0.        , -0.88293004, -0.        , -0.        ],
       [-0.85000795, -0.        ,  0.        , -0.        ,  0.        ,
        -0.        ,  0.        , -1.114565  , -0.        ,  0.        ],
       [-0.        , -0.        , -0.9630573 ,  1.0288448 , -0.        ,
         0.        ,  1.1760288 , -0.6688793 ,  0.93344027, -0.        ],
       [-0.        ,  1.2950532 , -0.        ,  0.        , -0.        ,
        -0.        ,  1.2328346 , -0.        ,  0.        ,  0.        ],
       [-0.        ,  0.        ,  0.        , -0.        ,  0.        ,
        -1.4587346 , -1.5528905 , -0.        , -0.        , -0.        ],
       [-0.        , -1.1086434 , -0.        , -0.        , -0.        ,
         0.        , -0.        ,  0.        ,  0.        ,  0.        ],
       [-0.86804366, -0.        ,  0.        , -0.        ,  0.        ,
         0.9925141 ,  0.        , -0.        , -1.1774465 , -0.        ],
       [-0.        , -0.        ,  0.        ,  1.2658687 , -0.        ,
        -0.        , -0.74754137,  0.        , -1.3811657 , -0.        ],
       [ 0.        , -0.        ,  1.0043505 ,  0.        ,  0.8509976 ,
        -0.        , -0.        , -0.        ,  0.        ,  0.        ],
       [-0.        ,  0.        ,  0.        , -0.        ,  0.        ,
        -1.2054284 ,  0.        , -0.        , -0.        , -0.        ],
       [ 0.        , -0.        ,  0.        , -1.010841  ,  0.        ,
        -0.8548388 ,  0.        , -0.        , -0.        , -0.        ],
       [ 0.        , -0.        ,  0.        ,  0.87781477, -0.8743431 ,
        -0.8565477 ,  0.        , -0.        ,  0.        ,  1.0606463 ],
       [ 0.        ,  0.        , -0.        ,  0.        ,  0.        ,
         0.        , -0.        ,  0.95700353, -1.006366  , -0.        ],
       [ 0.9187463 , -0.        , -0.        ,  0.        ,  0.        ,
         0.        ,  0.91446596,  0.89859796, -0.8878513 , -0.        ],
       [-0.8371422 , -0.        , -1.0607212 ,  0.        ,  0.        ,
        -0.        ,  0.        , -0.        ,  0.        ,  0.        ],
       [ 0.        ,  0.        , -1.0468214 ,  0.        ,  0.        ,
         0.        ,  1.1532619 , -0.        , -0.        , -0.        ],
       [-1.0556574 , -0.        ,  0.9473436 ,  0.        , -0.        ,
        -0.        ,  0.        , -0.        , -0.        ,  0.        ],
       [ 0.        , -1.4591224 , -0.        ,  0.        ,  0.85781187,
         0.        , -0.        ,  0.        , -0.        ,  0.8972023 ],
       [-0.        ,  0.94564146,  0.        , -0.        , -0.        ,
        -0.        , -0.        ,  1.2074775 ,  0.        , -0.8804678 ],
       [-1.1897048 , -0.        ,  0.        , -0.        ,  0.        ,
        -0.        , -1.115634  , -0.        , -0.8793682 ,  0.9834315 ],
       [-0.        ,  0.        , -0.        , -0.        ,  0.96824855,
         0.        ,  0.        , -0.9525442 , -0.        , -0.        ],
       [ 0.        , -0.9902467 , -0.8930137 , -0.        ,  0.        ,
         0.        , -0.        ,  0.        ,  1.014496  , -0.        ],
       [ 0.        , -0.7994113 , -0.        , -0.83069134,  1.0218797 ,
         0.        , -0.        , -0.        ,  0.        , -0.        ],
       [-0.        , -0.8022253 ,  0.        , -0.        , -0.        ,
        -0.        , -0.        , -0.        ,  0.8860094 ,  0.        ],
       [ 0.        , -0.        , -0.        ,  0.        , -0.        ,
        -0.        , -0.        ,  1.0613738 , -0.93438405, -0.        ],
       [-0.        , -0.        ,  0.        , -0.99149275,  0.9431679 ,
        -0.        , -0.        ,  0.        , -0.        ,  1.2788378 ],
       [-0.        , -1.1316966 , -1.1662989 ,  0.86207885,  0.        ,
        -0.        , -0.        , -0.        ,  0.        , -0.        ],
       [-0.        , -0.87705034,  0.9268186 , -0.        , -0.        ,
        -1.2028756 , -0.        , -0.        ,  1.1325473 ,  0.        ],
       [ 0.9644315 , -0.        ,  0.        , -0.        , -0.        ,
        -0.        ,  0.        , -0.        ,  0.        ,  0.        ],
       [ 0.9902417 ,  0.        ,  0.        ,  0.        , -0.        ,
        -0.9042621 ,  1.2946633 , -0.        ,  0.        , -0.        ],
       [ 0.886708  ,  0.        , -0.        , -0.845244  , -0.        ,
         0.        ,  0.676338  ,  0.        ,  0.        , -0.        ],
       [ 0.87272185, -0.        ,  0.        , -0.        , -0.        ,
        -0.        ,  1.0859625 ,  0.        ,  0.        , -0.        ],
       [-0.        ,  1.0471841 , -0.        ,  0.        , -0.        ,
        -0.        ,  0.        ,  0.7655971 , -0.        , -0.77731854],
       [-0.        ,  1.3344648 , -0.9714281 ,  0.        ,  0.        ,
        -0.        ,  0.        , -0.        ,  0.        ,  0.        ],
       [-0.        ,  0.        ,  0.        , -0.        ,  0.        ,
        -1.0919634 , -1.2367294 , -0.        ,  0.        , -0.        ],
       [ 0.        , -0.        , -0.        ,  0.        ,  0.9799456 ,
         0.        , -0.        ,  0.        ,  0.        , -0.        ],
       [ 0.        , -0.        ,  1.300749  ,  0.        ,  0.        ,
         0.        ,  0.        ,  0.        ,  0.        , -0.        ],
       [-0.        , -0.        ,  0.        , -0.        , -0.94189847,
        -0.        , -0.        , -0.        ,  0.        ,  1.1422923 ],
       [ 0.8875938 , -0.        ,  0.        , -0.        , -1.2595602 ,
         0.        ,  0.        , -0.        , -0.        ,  0.95933473],
       [-0.74644095, -0.7153012 , -0.        ,  0.        ,  0.        ,
        -0.9404021 , -0.        , -0.        , -0.        , -0.        ],
       [ 0.        , -0.        , -1.0735852 , -0.9638979 ,  0.        ,
         0.        , -0.        , -0.        ,  0.        ,  1.1069361 ],
       [ 0.        ,  0.        ,  0.8583069 , -0.82726324,  0.        ,
        -0.        ,  0.        ,  0.75973904, -1.148998  , -0.        ],
       [-1.0100222 , -0.        , -0.        ,  0.        , -0.        ,
         0.        ,  0.        ,  0.        ,  0.88164073, -0.93317133],
       [-0.        , -0.        ,  0.        , -0.        , -0.86782396,
        -0.        ,  0.        , -0.        , -0.        ,  0.        ],
       [-0.        ,  0.        ,  0.        , -0.        , -0.        ,
        -0.        ,  0.        ,  0.        ,  0.        ,  0.        ],
       [ 0.        ,  0.        ,  1.0421747 , -0.        , -1.1195698 ,
         0.        ,  0.        ,  0.        ,  0.92970216, -0.        ],
       [-0.        , -0.        , -1.003379  ,  0.        , -0.        ,
        -0.        ,  0.        ,  0.        ,  0.        ,  0.        ],
       [-0.        , -0.        ,  1.0560961 ,  0.        ,  0.        ,
        -0.9026672 , -0.        ,  0.        ,  0.        ,  0.        ],
       [ 0.        ,  0.        ,  0.        , -0.        , -1.3205631 ,
         0.        , -0.        ,  0.        , -0.        , -0.        ],
       [ 0.        , -0.        , -0.        ,  0.        , -0.        ,
         1.5217133 ,  1.0286115 ,  0.        , -0.        , -0.        ],
       [ 0.        ,  1.6123996 , -0.        ,  0.        ,  0.        ,
         0.        , -0.        ,  0.        ,  0.        , -0.        ],
       [ 0.        ,  0.        , -0.        , -0.75521827,  0.        ,
         0.        , -0.        ,  0.        ,  0.        ,  0.        ],
       [-0.        ,  0.        ,  0.        , -0.        ,  0.95380783,
         0.        , -0.80315   , -1.1795479 , -0.        , -0.        ],
       [-0.        , -0.        ,  0.        , -0.        , -0.        ,
        -0.        ,  0.        ,  0.        ,  0.        , -0.6754333 ],
       [ 0.        , -0.        , -0.        ,  0.        , -0.84946847,
         1.1056482 ,  1.0459425 ,  0.        , -0.        ,  0.        ],
       [ 0.        ,  0.        , -0.96658075, -0.        ,  1.1383657 ,
         0.        , -0.        ,  0.        , -0.        , -0.        ],
       [-0.        , -0.        ,  0.9243004 , -0.        , -0.        ,
         0.        ,  0.        , -0.        ,  0.79224646, -1.0772632 ],
       [ 0.84029853, -0.        ,  0.        , -0.        ,  0.        ,
         0.        , -0.        ,  0.        , -0.        , -0.        ],
       [ 0.        , -0.        ,  0.9983742 , -0.        , -0.        ,
        -0.        , -0.        , -0.        ,  0.        , -0.        ],
       [-0.        ,  0.        , -0.        , -0.6591207 , -0.        ,
        -0.8711037 ,  1.2538645 ,  0.        ,  0.64773035,  0.        ],
       [-0.        , -0.        ,  0.89639384, -0.        ,  0.        ,
         0.        ,  0.        , -0.8407715 , -0.        , -0.        ],
       [-0.        ,  0.        , -0.        ,  0.        , -0.        ,
         0.8982444 , -0.        ,  0.        ,  0.        ,  0.        ],
       [-0.        ,  0.        ,  0.        , -0.        , -1.0854026 ,
        -0.        , -0.        , -0.        , -0.        ,  1.0126165 ],
       [ 0.8051996 ,  0.        ,  0.        , -0.        , -0.        ,
        -0.        , -0.        ,  1.1222112 ,  0.        , -1.0693603 ],
       [ 0.        ,  0.744118  , -0.        , -0.83930993, -0.        ,
         0.        ,  1.3863897 , -1.0171006 , -0.        ,  0.        ],
       [-0.        ,  0.        ,  0.        , -0.        , -0.        ,
         1.008064  ,  0.        , -1.2277128 , -0.        ,  0.        ],
       [ 1.2931924 , -0.        ,  0.        , -0.        , -0.        ,
         0.        , -0.8662836 ,  0.        , -0.        , -0.        ],
       [-0.        ,  0.        ,  0.        ,  0.88820183,  0.        ,
        -1.1054152 , -0.9828818 , -0.        , -0.7709261 ,  0.        ],
       [-0.        ,  0.        , -0.        ,  0.        ,  0.        ,
         0.        ,  0.        , -0.        , -0.        , -0.        ],
       [ 1.8162661 ,  0.        , -0.        ,  0.        , -0.        ,
        -0.        ,  1.558754  ,  0.        ,  0.        , -0.        ],
       [ 0.        ,  0.        , -0.        , -1.1113471 ,  0.        ,
        -1.048855  ,  0.        , -0.        ,  1.0305661 , -0.        ],
       [ 0.98503953, -0.        ,  0.98642427, -0.        , -0.        ,
        -0.        , -0.        ,  0.        , -1.1597512 ,  0.        ],
       [-0.        , -1.0406184 ,  0.        , -0.        , -1.1459082 ,
        -0.        , -0.        ,  0.        ,  0.9248909 ,  0.        ],
       [ 0.        ,  1.0924611 , -0.        , -0.        ,  0.9055482 ,
        -0.9325531 ,  0.        ,  0.        , -0.        , -0.        ],
       [ 0.        , -0.        , -0.        ,  0.        ,  0.        ,
        -0.87803084, -0.        ,  1.0120062 ,  0.        ,  0.        ],
       [ 0.        ,  0.        , -0.        ,  0.        , -0.        ,
         0.        , -0.        ,  0.        ,  0.8416586 ,  0.        ],
       [-1.0806209 , -0.        , -0.        ,  1.1711097 , -0.        ,
        -0.        ,  0.8900723 , -0.        , -0.        , -0.94701093],
       [ 0.        ,  0.        , -0.        ,  0.        ,  0.        ,
         0.85154825, -0.8678441 ,  0.        , -0.        , -0.        ],
       [ 0.        , -0.        , -0.        ,  0.8897959 , -0.        ,
        -0.        ,  0.94251245,  0.        ,  0.        , -0.        ],
       [ 0.        ,  0.        , -0.        , -0.        ,  0.        ,
        -0.8055708 , -0.        , -0.        ,  0.        , -0.        ],
       [-0.        , -0.        , -0.        ,  1.0970851 , -0.        ,
        -0.90142673, -0.        ,  0.        ,  0.        ,  0.        ],
       [ 0.        ,  0.        ,  0.        , -0.8498246 , -0.        ,
         0.        ,  0.        , -0.        ,  1.024093  , -0.        ],
       [-0.        , -1.1686853 , -0.        ,  0.9438414 ,  0.        ,
         0.        , -0.        ,  0.        , -0.        , -0.        ],
       [ 0.        ,  0.        , -1.0409948 , -0.        , -0.        ,
         0.        ,  0.        , -0.7504578 , -0.        ,  1.0387315 ],
       [-0.        , -0.        ,  0.        , -0.        , -0.        ,
         0.        ,  0.        , -1.4495888 ,  0.5557468 , -0.        ],
       [ 0.8420815 , -0.        ,  0.97047883,  0.        , -0.        ,
        -0.        ,  0.        ,  0.        ,  0.        , -0.93592554],
       [-0.        , -0.8251369 ,  0.        , -0.        , -1.1473774 ,
        -0.        , -0.        ,  0.        ,  0.        ,  1.1727257 ],
       [-0.        , -0.        ,  1.0414069 , -0.        , -0.        ,
         0.        ,  0.        ,  0.        , -0.        ,  0.        ],
       [-0.        ,  0.        ,  0.        , -0.        , -1.2786888 ,
        -0.        , -0.867233  ,  0.        , -0.        ,  0.9747527 ],
       [ 1.2477874 , -0.        ,  0.        , -0.        ,  0.        ,
        -0.        , -0.        , -0.        ,  0.        ,  1.0520769 ],
       [-1.0271398 , -0.        , -0.82869536,  0.        ,  0.        ,
        -0.        , -0.9038362 , -0.        , -0.        ,  0.        ],
       [ 0.        ,  1.1635908 , -0.        ,  0.        ,  0.9313839 ,
        -0.        , -0.        ,  0.        ,  0.        ,  0.        ],
       [ 0.        , -0.        ,  1.1382844 ,  0.        , -0.        ,
         0.        ,  0.        , -0.        , -0.        , -0.        ],
       [ 0.        , -0.        , -0.        ,  1.2280948 ,  0.        ,
        -0.        , -0.        , -1.0488323 ,  0.        , -0.        ]],
      dtype=float32)
 array([ 0.01726036,  0.2849342 ,  0.13737631, -0.13442898, -0.08331117,
        0.12459737, -0.00754438,  0.22284198, -0.3809494 , -0.1293244 ],
      dtype=float32)]