FC Layer, 300 (Glorot Init.) Original_Weights[array([[ 0.,  0.,  0., ..., -0.,  0.,  0.],
       [ 0., -0., -0., ..., -0.,  0., -0.],
       [ 0.,  0., -0., ..., -0., -0., -0.],
       ...,
       [ 0.,  0., -0., ...,  0.,  0.,  0.],
       [ 0., -0., -0., ...,  0.,  0., -0.],
       [-0., -0., -0., ..., -0., -0., -0.]], dtype=float32)
 array([-9.64127183e-02,  5.97621128e-02,  1.29247755e-01,  1.44636497e-01,
        0.00000000e+00, -1.77905262e-01,  4.01232243e-02,  2.52956674e-02,
        0.00000000e+00,  1.38368234e-01,  5.82420155e-02, -3.46058868e-02,
        8.76770616e-02, -1.35938540e-01, -2.00771406e-01, -8.55164882e-03,
        7.31957657e-03,  0.00000000e+00,  3.60811874e-02,  2.01658413e-01,
        4.85774353e-02, -2.08936393e-01,  0.00000000e+00,  2.98287347e-02,
        7.79177845e-02,  1.02453373e-01, -1.22124761e-01, -2.52812952e-01,
        0.00000000e+00,  1.45589262e-01,  2.41914261e-02, -1.26228211e-02,
        1.42428316e-02,  3.05024385e-02, -4.71797399e-02, -1.34559302e-02,
        0.00000000e+00, -1.97843745e-01,  8.43888670e-02, -3.53892684e-01,
        1.73782632e-01,  0.00000000e+00,  5.07587101e-03, -1.09988071e-01,
       -9.18615833e-02,  2.53004014e-01,  1.80169314e-01,  1.16625853e-01,
        2.26499084e-02,  1.74600929e-01, -1.17224731e-01, -1.28964782e-01,
       -9.94957462e-02,  3.08509599e-02, -6.38769269e-02,  0.00000000e+00,
        7.79032335e-02, -2.76974082e-01,  4.95810769e-02,  1.05025589e-01,
       -2.02734917e-02,  7.79956952e-02, -8.01803321e-02,  2.11317644e-01,
       -7.90268257e-02,  1.45575121e-01,  0.00000000e+00, -1.57504380e-01,
        1.27855942e-01, -1.48112755e-02, -5.05183898e-02, -1.55171677e-01,
        0.00000000e+00,  8.61971006e-02, -6.92169601e-03, -1.05685666e-01,
        0.00000000e+00,  2.41371661e-01,  0.00000000e+00, -1.08055145e-01,
       -1.03271402e-01,  1.08950995e-01,  1.22473732e-01,  6.03062548e-02,
        4.60085161e-02,  1.19265966e-01, -3.03845480e-02, -1.85143538e-02,
        9.30937529e-02, -1.84163898e-01,  1.99378178e-01,  7.18505979e-02,
       -2.37008497e-01,  2.07749292e-01, -5.42600825e-02, -1.15476087e-01,
       -1.15700431e-01, -5.45163564e-02,  2.84791663e-02,  1.93784416e-01,
       -8.96299258e-02, -2.07240116e-02, -1.82487801e-01, -8.79684184e-03,
        5.49542122e-02, -6.64592385e-02, -1.46614134e-01,  7.35477433e-02,
        8.35371912e-02, -9.00684372e-02, -2.02962562e-01, -5.15292399e-02,
        1.42010041e-02,  6.30947426e-02,  0.00000000e+00,  6.37444332e-02,
       -2.43813023e-02, -6.70844093e-02,  2.28733085e-02, -4.45168242e-02,
        2.62341686e-02, -3.48736197e-01, -5.15449084e-02,  1.34923264e-01,
        0.00000000e+00,  2.36560404e-01, -4.42881696e-02, -9.02948622e-03,
       -2.01704189e-01, -1.04263686e-01,  6.41218051e-02,  3.91803421e-02,
        1.39741860e-02,  0.00000000e+00,  3.31603736e-02,  2.02680290e-01,
        2.97219843e-01,  2.68754840e-01,  9.35933590e-02,  2.41427217e-02,
       -8.07855129e-02, -7.35976221e-03,  3.85265946e-02,  0.00000000e+00,
       -2.17382133e-01,  1.78886093e-02,  1.66902930e-01, -3.12879086e-02,
       -1.24284871e-01,  0.00000000e+00,  0.00000000e+00,  1.63502991e-01,
        9.42104608e-02,  1.84668601e-01,  0.00000000e+00,  7.20218793e-02,
       -2.21563634e-02,  1.67118721e-02, -2.68790215e-01, -2.02733174e-01,
        0.00000000e+00, -7.04633966e-02,  6.69642389e-02,  1.17079549e-01,
        0.00000000e+00, -9.83627141e-02,  1.74749698e-02,  0.00000000e+00,
       -1.47111028e-01,  4.15433347e-02, -1.01755382e-02, -1.28326699e-01,
       -5.91168925e-02,  0.00000000e+00,  7.97196776e-02, -2.66140610e-01,
       -5.72456941e-02, -5.20304814e-02,  1.38147444e-01,  3.66160134e-03,
        2.74091750e-01, -1.09788617e-02, -4.60995398e-02,  1.07686386e-01,
       -2.76932925e-01, -5.51352948e-02,  1.32858589e-01, -1.77106306e-01,
        1.39782980e-01, -1.28430814e-01,  0.00000000e+00,  2.60048568e-01,
        2.57670671e-01, -1.17840901e-01,  0.00000000e+00, -6.70511276e-02,
        6.06430359e-02,  1.02269314e-01,  3.13315898e-01,  5.87966815e-02,
        2.31802892e-02,  1.33938082e-02,  0.00000000e+00,  1.73592195e-01,
       -1.31490737e-01, -6.03495874e-02,  3.77427600e-02, -7.63728246e-02,
        1.36617452e-01,  7.42094964e-02, -6.77111447e-02,  2.07274288e-01,
        3.22075814e-01, -2.80033022e-01, -4.64202762e-02,  0.00000000e+00,
        1.47565871e-01,  1.11816742e-01,  1.37693301e-01,  5.60534634e-02,
       -2.55776048e-02,  2.40407959e-02, -4.00387533e-02,  4.92032431e-02,
        3.36753428e-02,  2.31623612e-02,  2.26400390e-01,  8.00169483e-02,
        6.36304356e-03,  1.14181943e-01, -7.79738501e-02, -1.03595024e-02,
        0.00000000e+00,  1.96598377e-02,  0.00000000e+00, -4.82961349e-02,
       -4.02250029e-02, -1.63809404e-01,  3.86664644e-03, -1.74483247e-02,
       -2.25539543e-02,  1.23834617e-01,  2.20701307e-01, -1.90727130e-01,
        1.29325502e-02,  1.62253872e-01,  2.55651355e-01, -2.66716063e-01,
       -5.07659651e-02,  7.48353899e-02,  6.82619959e-02,  0.00000000e+00,
       -1.03084587e-01, -1.09071404e-01,  8.94040465e-02,  0.00000000e+00,
       -1.17765158e-01, -5.10630086e-02, -6.38092235e-02, -2.05738377e-03,
        8.86033252e-02, -2.96084434e-01,  1.08928457e-01, -1.29612342e-01,
       -2.55058575e-02,  0.00000000e+00, -4.42642011e-02,  1.23505760e-02,
       -2.63629735e-01,  0.00000000e+00, -1.67298421e-01, -5.90205230e-02,
        0.00000000e+00, -3.31205577e-02,  3.86804417e-02,  1.49726751e-04,
        9.09804031e-02,  3.57495435e-02,  5.83357038e-03, -3.36802080e-02,
        4.50035706e-02,  6.26093671e-02, -3.13984789e-02,  0.00000000e+00,
       -2.79373042e-02, -2.87910644e-02,  4.62323464e-02,  1.46953106e-01,
        0.00000000e+00,  3.29722375e-01, -8.11102092e-02,  1.07007593e-01,
        1.17442301e-02,  1.12625994e-01,  1.43561274e-01,  5.83093390e-02,
        0.00000000e+00, -2.03824595e-01, -2.74002463e-01, -8.94384533e-02],
      dtype=float32)]FC Layer, 100 (Glorot Init.) Original_Weights[array([[-0.       , -0.       , -0.       , ...,  0.       , -0.       ,
        -0.       ],
       [ 0.       , -0.       , -0.       , ..., -0.       ,  0.       ,
        -0.6263028],
       [-0.       ,  0.       , -0.       , ...,  0.       ,  0.       ,
         0.       ],
       ...,
       [ 0.       ,  0.       , -0.       , ..., -0.       ,  0.       ,
         0.       ],
       [ 0.       , -0.       , -0.       , ...,  0.       , -0.       ,
        -0.       ],
       [ 0.       , -0.       ,  0.       , ..., -0.       ,  0.       ,
        -0.       ]], dtype=float32)
 array([ 0.00000000e+00, -8.60901475e-02,  1.39937192e-01, -3.73378396e-02,
       -1.40133992e-01,  1.25343353e-01, -6.87863678e-02, -2.83364784e-02,
       -1.68908626e-01, -2.90636010e-02, -1.03369609e-01, -2.17532665e-01,
        2.28815198e-01,  2.39980444e-01, -6.21063299e-02, -1.17991000e-01,
       -4.83893119e-02, -6.09780736e-02,  2.04977587e-01,  1.53598055e-01,
        4.44674902e-02, -6.19797176e-03,  1.75146356e-01, -1.98822349e-01,
        1.95060983e-01,  2.67939836e-01, -3.00683439e-01, -2.08331242e-01,
       -6.04505092e-02, -3.04256588e-01,  1.75842047e-01, -1.06192060e-01,
       -7.95926675e-02, -2.37125844e-01,  1.38953596e-01, -9.89773571e-02,
        9.64993238e-02, -1.34294361e-01,  1.36760455e-02,  8.60832110e-02,
       -1.23375989e-02, -1.23409651e-01,  5.15521169e-02, -5.86513765e-02,
       -6.13868199e-02, -5.31395301e-02, -3.70846450e-01,  2.19985768e-01,
       -1.35081142e-01,  1.39887184e-01,  0.00000000e+00,  5.78463115e-02,
        3.51483771e-03, -1.79836210e-02,  3.79418693e-02,  3.63656491e-01,
        1.57764465e-01,  0.00000000e+00, -1.87596545e-01,  0.00000000e+00,
        2.60031402e-01, -9.23028961e-02,  5.32839783e-02, -1.21987481e-02,
        1.31471856e-02,  9.75181162e-03,  1.39429048e-01,  0.00000000e+00,
       -8.69746506e-02,  1.17543854e-01,  6.44887984e-02,  2.84623653e-02,
       -1.11288372e-02, -1.27686292e-01,  0.00000000e+00,  2.55240384e-03,
       -1.92376729e-02,  1.19629681e-01, -2.10970551e-01, -5.02734296e-02,
        2.60019023e-02,  0.00000000e+00,  2.68995408e-02, -1.45680476e-02,
       -9.90871713e-02,  0.00000000e+00, -1.04582943e-01, -1.43984994e-02,
       -2.59849846e-01, -6.09032512e-02, -3.65118906e-02, -1.47319576e-02,
       -1.76283807e-01,  7.49561414e-02, -7.19326511e-02, -1.64938226e-01,
        2.52316296e-01,  1.69930682e-01, -1.20608776e-04, -1.93661883e-01],
      dtype=float32)]FC Layer, 10 (Softmax) Original_Weights[array([[-0.        , -0.        , -0.        ,  0.        , -0.        ,
        -0.        ,  0.        ,  0.        ,  0.        ,  0.        ],
       [-0.        ,  0.        , -1.172878  , -0.        , -0.        ,
         0.        , -0.        , -0.        , -0.        ,  0.        ],
       [-0.        ,  0.        , -0.        ,  0.        ,  1.0383775 ,
        -0.        ,  0.        ,  1.2100269 , -1.3917134 ,  0.        ],
       [ 0.        ,  0.        ,  1.1641268 ,  0.        ,  0.        ,
        -0.        , -0.        , -0.        , -0.        , -0.        ],
       [-0.        , -0.        , -0.        ,  0.        , -0.        ,
         0.        ,  0.        ,  0.        ,  0.        ,  1.3166438 ],
       [-0.        ,  0.        ,  0.        , -0.        ,  0.        ,
         1.1716809 , -1.4826354 , -0.        , -0.        , -0.        ],
       [ 0.        , -0.        , -0.        , -1.3112832 , -0.        ,
         0.        , -0.        , -1.0608772 ,  0.        ,  0.        ],
       [-0.889555  ,  0.        ,  0.        , -0.        ,  0.        ,
        -0.        ,  0.        , -1.2821139 ,  0.        , -0.        ],
       [ 0.        , -0.        , -1.0984398 ,  0.82968366,  0.        ,
         0.        ,  0.50018555,  0.        ,  1.0579041 ,  0.        ],
       [-0.        ,  1.1522142 ,  0.        , -0.        , -0.        ,
        -0.        ,  1.5648923 , -0.        ,  0.        ,  0.        ],
       [-0.        ,  0.        ,  0.        , -0.        ,  0.        ,
        -1.2841355 , -1.5201007 , -0.        ,  0.        ,  0.        ],
       [ 0.        , -1.2702944 , -0.        , -0.        ,  0.        ,
         0.        , -0.        , -0.        ,  0.        ,  0.        ],
       [-1.0603175 ,  0.        ,  0.        , -0.        ,  0.        ,
         1.1601846 , -0.        , -0.        , -1.1400595 , -0.        ],
       [ 0.        ,  0.        ,  0.        ,  1.532887  , -0.        ,
         0.        , -0.        , -0.        , -1.5248424 , -0.        ],
       [-0.        ,  0.        ,  0.9411403 , -0.        ,  1.5450207 ,
         0.        , -0.        ,  0.        , -0.        , -0.        ],
       [ 0.        ,  0.        ,  0.        , -0.        ,  0.        ,
        -1.3187132 , -0.        , -0.        , -0.        ,  0.        ],
       [ 0.        ,  0.        ,  0.        , -1.1398771 , -0.        ,
        -0.        ,  0.        ,  0.        ,  0.        , -0.        ],
       [-0.        ,  0.        , -0.        ,  1.0066699 , -1.0582002 ,
        -1.2359353 ,  0.        , -0.        , -0.        ,  1.0062774 ],
       [-0.        , -0.        , -0.        ,  0.        , -0.        ,
        -0.        ,  0.        ,  1.107353  , -1.2985178 , -0.        ],
       [ 0.81964624, -0.        , -0.        , -0.        ,  0.        ,
         0.        , -0.        ,  0.5552285 , -0.84391415,  0.        ],
       [-1.096279  ,  0.        , -1.1447814 , -0.        ,  0.        ,
        -0.        , -0.        , -0.        ,  0.        ,  0.        ],
       [ 0.        , -0.        , -1.2649806 , -0.        ,  0.        ,
        -0.        ,  1.4191898 ,  0.        ,  0.        ,  0.        ],
       [-0.9806601 ,  0.        ,  1.0258396 ,  0.        , -0.        ,
        -0.        ,  0.        ,  0.        ,  0.        , -0.        ],
       [-0.        , -1.4415289 , -0.        ,  0.        ,  0.9982647 ,
        -0.        ,  0.        ,  0.        , -0.        ,  1.0143535 ],
       [ 0.        ,  0.92454714,  0.        , -0.        , -0.        ,
        -0.        ,  0.        ,  1.2804879 , -0.        , -1.0689636 ],
       [-1.2148181 ,  0.        ,  0.        , -0.        ,  0.        ,
        -0.        , -1.338556  , -0.        , -1.0048836 ,  1.059899  ],
       [-0.        ,  0.        , -0.        ,  0.        ,  1.3528364 ,
        -0.        ,  0.        , -1.261938  ,  0.        , -0.        ],
       [ 0.        , -1.1371104 ,  0.        , -0.        ,  0.        ,
         0.        , -0.        , -0.        ,  1.138589  ,  0.        ],
       [ 0.        , -0.        ,  0.        , -1.0544084 ,  1.087768  ,
         0.        , -0.        , -0.        ,  0.        ,  0.        ],
       [ 0.        ,  0.        ,  0.        , -0.        , -0.        ,
         0.        , -0.        , -0.        ,  0.8719727 , -0.        ],
       [-0.        ,  0.        ,  0.        , -0.        , -0.        ,
         0.        ,  0.        ,  1.3729416 , -1.1801434 ,  0.        ],
       [-0.        , -0.        ,  0.        , -1.3660169 ,  1.3183568 ,
         0.        ,  0.        , -0.        ,  0.        ,  1.3851016 ],
       [ 0.        , -1.3291793 , -1.4273705 ,  1.0058404 ,  0.        ,
         0.        , -0.        , -0.        ,  0.        ,  0.        ],
       [-0.        , -0.9795908 ,  0.        , -0.        , -0.        ,
        -1.5543654 ,  0.        , -0.        ,  1.0782824 , -0.        ],
       [ 1.0745912 , -0.        ,  0.        ,  0.        , -0.        ,
        -0.        ,  0.        , -0.        , -0.        ,  0.        ],
       [ 1.2435544 , -0.        ,  0.        , -0.        , -0.        ,
        -0.998604  ,  1.3045601 , -0.        , -0.        , -0.        ],
       [ 0.        , -0.        , -0.        , -1.0839226 ,  0.        ,
         0.        , -0.        ,  0.        ,  0.        ,  0.        ],
       [ 1.0145853 , -0.        ,  0.        ,  0.        , -0.        ,
        -0.        ,  1.3635107 ,  0.        , -0.        , -0.        ],
       [-0.        ,  1.3435144 ,  0.        , -0.        , -0.        ,
        -0.        ,  0.        ,  0.        ,  0.        , -0.        ],
       [-0.        ,  1.728842  , -1.0450159 ,  0.        , -0.        ,
        -0.        ,  0.        ,  0.        ,  0.        , -0.        ],
       [ 0.        ,  0.        ,  0.        , -0.        ,  0.        ,
        -1.080421  , -1.2646855 , -0.        , -0.        , -0.        ],
       [-0.        , -0.        , -0.        ,  0.        ,  1.0159843 ,
         0.        ,  0.        ,  0.        , -0.        , -0.        ],
       [-0.        , -0.        ,  1.4815221 ,  0.        , -0.        ,
         0.        ,  0.        ,  0.        , -0.        , -0.        ],
       [-0.        ,  0.        ,  0.        , -0.        , -0.        ,
         0.        ,  0.        , -0.        , -0.        ,  1.4756579 ],
       [ 1.002203  , -0.        , -0.        ,  0.        , -1.3947556 ,
        -0.        ,  0.        , -0.        ,  0.        ,  0.83661425],
       [-0.        , -0.        ,  0.        , -0.        ,  0.        ,
        -1.2349317 ,  0.        , -0.        , -0.        ,  0.        ],
       [ 0.        , -0.        , -1.1503371 , -1.0688024 ,  0.        ,
         0.        , -0.        , -0.        ,  0.        ,  1.3324434 ],
       [ 0.        ,  0.        , -0.        , -1.1427307 ,  0.        ,
         0.        , -0.        , -0.        , -1.2448429 ,  0.        ],
       [-0.92480856,  0.        ,  0.        , -0.        , -0.        ,
        -0.        ,  0.        ,  0.        ,  1.2607408 , -1.3416023 ],
       [-0.        ,  0.        ,  0.        ,  0.        , -0.90959805,
         0.        , -0.        ,  0.        ,  0.        , -0.        ],
       [ 0.        ,  0.        , -0.        , -0.        ,  0.        ,
         0.        , -0.        ,  0.        ,  0.        , -0.        ],
       [-0.        , -0.        ,  1.1159437 ,  0.        , -1.1453035 ,
        -0.        ,  0.        ,  0.        ,  1.0841029 ,  0.        ],
       [ 0.        , -0.        , -1.1584365 ,  0.        , -0.        ,
         0.        ,  0.        ,  0.        ,  0.        , -0.        ],
       [ 0.        , -0.        ,  1.1794164 , -0.        ,  0.        ,
        -1.1282599 , -0.        ,  0.        , -0.        ,  0.        ],
       [-0.        ,  0.        , -0.        ,  0.        , -1.6168492 ,
        -0.        ,  0.        , -0.        ,  0.        ,  0.        ],
       [ 0.        , -0.        ,  0.        , -0.        ,  0.        ,
         1.552727  ,  1.2682744 , -0.        , -0.        ,  0.        ],
       [-0.        ,  1.7140511 , -0.        ,  0.        , -0.        ,
         0.        ,  0.        ,  0.        ,  0.        , -0.        ],
       [-0.        ,  0.        , -0.        , -0.        ,  0.        ,
        -0.        ,  0.        ,  0.        , -0.        ,  0.        ],
       [-0.        ,  0.        ,  0.        , -0.        ,  0.        ,
         0.        , -0.        , -1.4417566 ,  0.        ,  0.        ],
       [ 0.        , -0.        ,  0.        ,  0.        , -0.        ,
         0.        , -0.        , -0.        ,  0.        , -0.        ],
       [ 0.        ,  0.        , -0.        ,  0.        , -0.        ,
         1.2742434 ,  1.0440367 ,  0.        ,  0.        ,  0.        ],
       [-0.        , -0.        , -0.95542145,  0.        ,  1.5116638 ,
         0.        ,  0.        ,  0.        ,  0.        ,  0.        ],
       [ 0.        , -0.        ,  1.066891  , -0.        ,  0.        ,
        -0.        ,  0.        , -0.        , -0.        , -1.0889362 ],
       [ 1.2568953 , -0.        ,  0.        , -0.        , -0.        ,
        -0.        ,  0.        , -0.        ,  0.        ,  0.        ],
       [ 0.        ,  0.        ,  1.3424653 , -0.        ,  0.        ,
         0.        , -0.        , -0.        , -0.        ,  0.        ],
       [-0.        ,  0.        ,  0.        , -0.        , -0.        ,
        -0.        ,  1.3686923 ,  0.        ,  0.        ,  0.        ],
       [ 0.        ,  0.        ,  0.8010758 , -0.        , -0.        ,
        -0.        ,  0.        , -0.        ,  0.        ,  0.        ],
       [ 0.        , -0.        , -0.        ,  0.        ,  0.        ,
        -0.        , -0.        , -0.        , -0.        ,  0.        ],
       [-0.        ,  0.        ,  0.        , -0.        , -1.1889585 ,
         0.        , -0.        , -0.        , -0.        ,  1.2166545 ],
       [ 0.        ,  0.        ,  0.        ,  0.        , -0.        ,
         0.        , -0.        ,  1.2652438 , -0.        , -1.1597277 ],
       [-0.        , -0.        , -0.        , -0.97375894, -0.        ,
         0.        ,  1.6429495 , -1.1027557 ,  0.        , -0.        ],
       [ 0.        ,  0.        , -0.        ,  0.        ,  0.        ,
         1.315562  , -0.        , -1.3612579 ,  0.        , -0.        ],
       [ 1.1780492 , -0.        , -0.        , -0.        ,  0.        ,
         0.        , -0.        , -0.        ,  0.        ,  0.        ],
       [-0.        , -0.        ,  0.        ,  1.0031754 ,  0.        ,
        -1.3522373 , -1.4076759 , -0.        , -0.        ,  0.        ],
       [-0.        ,  0.        , -0.        ,  0.        , -0.        ,
        -0.        ,  0.        , -0.        , -0.        ,  0.        ],
       [ 2.0333614 , -0.        , -0.        , -0.        , -0.        ,
         0.        ,  1.6642414 ,  0.        ,  0.        ,  0.        ],
       [ 0.        , -0.        ,  0.        , -1.3235136 ,  0.        ,
        -1.4174224 ,  0.        , -0.        ,  0.99308836, -0.        ],
       [ 1.3214384 ,  0.        ,  1.2277198 , -0.        , -0.        ,
         0.        , -0.        ,  0.        , -1.4316266 , -0.        ],
       [-0.        , -1.433631  ,  0.        , -0.        , -1.3834739 ,
         0.        , -0.        ,  0.        ,  1.1042064 , -0.        ],
       [ 0.        ,  1.1766441 , -0.        , -0.        ,  1.3212647 ,
        -1.3336266 , -0.        ,  0.        , -0.        , -0.        ],
       [-0.        ,  0.        , -0.        ,  0.        ,  0.        ,
        -1.0991447 ,  0.        ,  1.0674314 , -0.        , -0.        ],
       [-0.        , -0.        , -0.        ,  0.        , -0.        ,
         0.        ,  0.        ,  0.        ,  0.        ,  0.        ],
       [-1.1771781 ,  0.        , -0.        ,  1.4363477 , -0.        ,
        -0.        ,  0.88464075,  0.        ,  0.        , -0.96685773],
       [-0.        , -0.        , -0.        , -0.        , -0.        ,
         1.2362719 ,  0.        , -0.        ,  0.        ,  0.        ],
       [ 0.        , -0.        ,  0.        ,  1.1085057 ,  0.        ,
         0.        ,  1.0141041 , -0.        , -0.        ,  0.        ],
       [ 0.        ,  0.        , -0.        ,  0.        , -0.        ,
        -0.        ,  0.        , -0.        , -0.        , -0.        ],
       [-0.        ,  0.        ,  0.        ,  1.2379388 , -0.        ,
        -1.0416976 ,  0.        ,  0.        ,  0.        , -0.        ],
       [ 0.        , -0.        ,  0.        , -1.0356278 ,  0.        ,
        -0.        ,  0.        , -0.        ,  1.0452386 , -0.        ],
       [-0.        , -1.2668886 ,  0.        ,  0.95007694,  0.        ,
        -0.        ,  0.        , -0.        ,  0.        ,  0.        ],
       [ 0.        , -0.        , -1.1907951 ,  0.        ,  0.        ,
        -0.        , -0.        , -0.        ,  0.        ,  1.2091815 ],
       [ 0.        ,  0.        ,  0.        , -0.        ,  0.        ,
        -0.        , -0.        , -1.5468119 , -0.        ,  0.        ],
       [ 0.        ,  0.        ,  0.6829951 , -0.        , -0.        ,
         0.        , -0.        ,  0.        , -0.        , -1.118341  ],
       [-0.        , -1.0436924 ,  0.        , -0.        , -1.5335797 ,
         0.        , -0.        , -0.        , -0.        ,  1.5214968 ],
       [ 0.        ,  0.        ,  1.299127  , -0.        ,  0.        ,
         0.        , -0.        , -0.        , -0.        ,  0.        ],
       [-0.        ,  0.        ,  0.        , -0.        , -1.2773618 ,
        -0.        , -1.2605913 , -0.        , -0.        ,  0.9989714 ],
       [ 1.2334089 ,  0.        , -0.        ,  0.        ,  0.        ,
        -0.        ,  0.        , -0.        ,  0.        ,  1.3900228 ],
       [-1.0124824 ,  0.        , -1.1495155 , -0.        ,  0.        ,
        -0.        , -1.1274022 , -0.        , -0.        , -0.        ],
       [-0.        ,  1.2675893 ,  0.        , -0.        , -0.        ,
         0.        , -0.        ,  0.        , -0.        , -0.        ],
       [ 0.        , -0.        ,  1.1734953 ,  0.        , -0.        ,
        -0.        , -0.        ,  0.        , -0.        ,  0.        ],
       [-0.        ,  0.        ,  0.        ,  1.110839  , -0.        ,
         0.        , -0.        , -1.0187865 , -0.        ,  0.        ]],
      dtype=float32)
 array([ 0.13971949,  0.22786866,  0.14602055, -0.07295921, -0.11886859,
        0.22053674,  0.05079964,  0.17576297, -0.44479713, -0.18418992],
      dtype=float32)]