FC Layer, 300 (Glorot Init.) Original_Weights[array([[ 0.,  0.,  0., ..., -0.,  0.,  0.],
       [ 0., -0., -0., ..., -0.,  0., -0.],
       [ 0.,  0., -0., ..., -0., -0., -0.],
       ...,
       [ 0.,  0., -0., ...,  0.,  0.,  0.],
       [ 0., -0., -0., ...,  0.,  0., -0.],
       [-0., -0., -0., ..., -0., -0., -0.]], dtype=float32)
 array([-9.71740931e-02,  2.71119922e-01, -1.00888811e-01,  1.60087600e-01,
        0.00000000e+00, -2.46050283e-02,  1.57226220e-01,  2.44442895e-02,
        0.00000000e+00,  3.34614068e-01,  9.41052567e-03,  3.52615491e-02,
       -1.40627712e-01,  0.00000000e+00, -1.32899852e-02,  3.32924992e-01,
        0.00000000e+00,  0.00000000e+00,  0.00000000e+00, -3.55946898e-01,
        8.73832628e-02, -1.62132606e-01,  0.00000000e+00,  0.00000000e+00,
        1.08134590e-01, -1.40771627e-01,  0.00000000e+00,  0.00000000e+00,
        0.00000000e+00,  2.39311412e-01,  0.00000000e+00,  5.41791553e-03,
        0.00000000e+00,  6.04745978e-03,  1.18420981e-01, -5.59491254e-02,
        0.00000000e+00, -2.53290415e-01,  7.87824020e-02,  0.00000000e+00,
        0.00000000e+00,  0.00000000e+00,  0.00000000e+00, -4.64179106e-02,
        0.00000000e+00,  0.00000000e+00,  0.00000000e+00,  1.25053629e-01,
        6.31635189e-02,  0.00000000e+00, -5.43410599e-01, -3.48916590e-01,
       -1.72374010e-01, -2.21899122e-01, -1.24322698e-01,  0.00000000e+00,
       -1.21051550e-01,  0.00000000e+00, -8.62612948e-03, -1.63670525e-01,
       -1.42183974e-01,  1.64381832e-01,  0.00000000e+00,  0.00000000e+00,
        0.00000000e+00,  2.25598857e-01,  0.00000000e+00, -2.59962708e-01,
        3.84901762e-01,  0.00000000e+00,  9.51282158e-02,  0.00000000e+00,
        0.00000000e+00,  0.00000000e+00,  0.00000000e+00,  6.14922643e-02,
        0.00000000e+00,  3.53099287e-01,  0.00000000e+00,  0.00000000e+00,
        0.00000000e+00,  1.28693745e-01,  5.55610806e-02,  0.00000000e+00,
        1.66990057e-01,  1.07117780e-01,  2.54653752e-01,  0.00000000e+00,
        0.00000000e+00, -1.82723045e-01,  0.00000000e+00, -4.65868741e-01,
       -5.92028387e-02,  1.90770868e-02, -3.01724523e-01,  0.00000000e+00,
       -1.38586640e-01,  0.00000000e+00,  0.00000000e+00,  3.24903578e-01,
        1.33768216e-01, -7.38417432e-02, -1.90449342e-01, -1.06232442e-01,
       -3.63843292e-02, -3.19128809e-03,  0.00000000e+00,  1.72594249e-01,
        1.39972851e-01, -1.12727266e-02, -3.63373160e-01, -3.95845398e-02,
        0.00000000e+00,  0.00000000e+00,  0.00000000e+00,  0.00000000e+00,
       -2.01201141e-01,  1.49474859e-01,  0.00000000e+00, -1.73974201e-01,
        0.00000000e+00, -2.41104737e-01,  2.08694175e-01,  3.22867453e-01,
        0.00000000e+00,  4.05849004e-03,  0.00000000e+00, -2.03220591e-01,
       -3.77814174e-01, -3.09206665e-01,  5.29704839e-02,  1.59606396e-03,
        3.45632099e-02,  0.00000000e+00,  0.00000000e+00,  0.00000000e+00,
        1.95897110e-02,  0.00000000e+00, -9.31206346e-02,  0.00000000e+00,
        0.00000000e+00,  3.52019221e-01,  7.32635334e-02,  0.00000000e+00,
        6.30547404e-01,  2.29389429e-01,  0.00000000e+00, -4.90469515e-01,
       -2.13715918e-02,  0.00000000e+00,  0.00000000e+00,  1.97508320e-01,
        2.72213183e-02, -2.47129515e-01,  0.00000000e+00, -3.40159327e-01,
        0.00000000e+00,  0.00000000e+00, -3.90289903e-01, -6.18424058e-01,
        0.00000000e+00, -2.01840535e-01,  2.97638565e-01,  2.09490240e-01,
        0.00000000e+00,  7.48347268e-02,  5.21591865e-02,  0.00000000e+00,
       -2.44123861e-01, -1.14808455e-02,  0.00000000e+00,  0.00000000e+00,
        0.00000000e+00,  0.00000000e+00,  0.00000000e+00,  0.00000000e+00,
       -1.20258614e-01, -2.06546813e-01, -2.44875416e-01,  0.00000000e+00,
        1.42472431e-01,  1.43635064e-01,  2.35482395e-01,  7.11340681e-02,
        0.00000000e+00,  7.75170177e-02, -5.14630787e-03,  3.73393632e-02,
        0.00000000e+00, -5.63025415e-01,  0.00000000e+00,  2.86643505e-01,
       -6.16223328e-02, -2.15368778e-01,  0.00000000e+00, -4.55352962e-02,
        1.72547176e-02,  2.13007644e-01,  6.98091239e-02,  0.00000000e+00,
        0.00000000e+00,  2.04743929e-02,  0.00000000e+00,  3.72120619e-01,
       -1.99366748e-01,  1.05803339e-02, -4.27089125e-01, -3.71954560e-01,
        0.00000000e+00,  3.13565060e-02,  0.00000000e+00, -6.97765201e-02,
        3.10249507e-01, -4.05253947e-01, -5.46032190e-01,  0.00000000e+00,
        2.35125303e-01,  0.00000000e+00, -8.97886679e-02,  0.00000000e+00,
       -3.96373346e-02, -3.51228518e-04,  3.31669182e-01, -8.77827406e-02,
        0.00000000e+00,  3.77782166e-01,  0.00000000e+00,  0.00000000e+00,
       -5.29361606e-01,  0.00000000e+00, -1.77567620e-02, -1.37292400e-01,
        0.00000000e+00,  3.13023478e-01,  0.00000000e+00, -3.20872366e-01,
        0.00000000e+00,  0.00000000e+00,  7.42088025e-03,  0.00000000e+00,
       -1.02387041e-01,  6.76208660e-02,  0.00000000e+00,  0.00000000e+00,
       -3.13660782e-03,  2.84523778e-02,  3.38248789e-01, -3.09779108e-01,
        0.00000000e+00, -6.67456836e-02,  3.62549610e-02,  0.00000000e+00,
        0.00000000e+00, -7.71777779e-02,  0.00000000e+00,  0.00000000e+00,
        2.50785142e-01,  0.00000000e+00,  0.00000000e+00,  0.00000000e+00,
       -1.98903903e-01, -2.26409465e-01,  0.00000000e+00,  0.00000000e+00,
        2.78296648e-03,  0.00000000e+00,  7.63107315e-02,  1.23718224e-01,
       -1.69824421e-01,  0.00000000e+00, -1.47734433e-01, -1.32433236e-01,
        0.00000000e+00, -2.05779776e-01,  0.00000000e+00,  1.72049448e-01,
        0.00000000e+00, -1.34702176e-01,  1.50787607e-01,  6.74348891e-01,
       -2.93728765e-02,  4.76826988e-02,  0.00000000e+00,  0.00000000e+00,
        0.00000000e+00, -1.98591903e-01, -3.41356695e-01, -5.14751300e-02,
        0.00000000e+00,  0.00000000e+00,  0.00000000e+00,  0.00000000e+00,
        4.56499979e-02,  2.24401399e-01,  0.00000000e+00,  3.24078858e-01,
        0.00000000e+00, -1.99748367e-01,  0.00000000e+00,  0.00000000e+00],
      dtype=float32)]FC Layer, 100 (Glorot Init.) Original_Weights[array([[-0., -0., -0., ..., -0., -0., -0.],
       [ 0.,  0., -0., ...,  0., -0., -0.],
       [-0.,  0.,  0., ...,  0., -0., -0.],
       ...,
       [ 0., -0.,  0., ...,  0., -0., -0.],
       [ 0.,  0.,  0., ..., -0.,  0., -0.],
       [ 0., -0.,  0., ...,  0., -0.,  0.]], dtype=float32)
 array([ 0.        ,  0.        ,  0.50801915,  0.        ,  0.        ,
       -0.05452412, -0.2936422 ,  0.00620138,  0.        , -0.23053603,
        0.04970228, -0.24207203,  0.4116573 ,  0.34214702,  0.15592748,
        0.26225486, -0.2695561 , -0.11412961,  0.01415977,  0.        ,
        0.07790133, -0.00711832,  0.5640694 , -0.19697231,  0.15519014,
        0.27390745, -0.21641012, -0.33938673,  0.07947718,  0.        ,
        0.56443876,  0.30326164,  0.06421011, -0.21454571, -0.02305216,
       -0.16165164,  0.04776069,  0.        ,  0.16392598,  0.08559617,
       -0.32828757, -0.2299654 , -0.11916159, -0.05814982,  0.08056431,
       -0.24617572, -0.16922295,  0.22254074,  0.02567933,  0.        ,
        0.        ,  0.3753144 ,  0.15014079,  0.        ,  0.        ,
        0.64116234,  0.25632638,  0.        , -0.1990532 ,  0.        ,
        0.07612231,  0.        ,  0.05286964,  0.06405252,  0.17606282,
        0.        ,  0.        ,  0.        , -0.18965095,  0.43736422,
       -0.4015315 ,  0.23299332,  0.        , -0.38322598,  0.        ,
       -0.21785322,  0.10373356,  0.19804676, -0.13131046, -0.01176121,
       -0.12182887,  0.        ,  0.15386093,  0.31308934,  0.        ,
        0.        , -0.03290427, -0.3758323 ,  0.        ,  0.0590229 ,
       -0.30419776, -0.15641382, -0.33387914, -0.01108937,  0.03147756,
       -0.27631676,  0.605404  ,  0.22119959,  0.07850268,  0.        ],
      dtype=float32)]FC Layer, 10 (Softmax) Original_Weights[array([[ 0.       , -0.       ,  0.       , -0.       , -0.       ,
        -0.       ,  0.       ,  0.       ,  0.       ,  0.       ],
       [-0.       , -0.       ,  0.       ,  0.       ,  0.       ,
        -0.       ,  0.       ,  0.       , -0.       , -0.       ],
       [ 0.       ,  0.       ,  0.       , -0.       ,  1.6774358,
        -0.       , -0.       ,  1.9874653, -1.7235918,  0.       ],
       [ 0.       ,  0.       , -0.       , -0.       , -0.       ,
        -0.       , -0.       ,  0.       , -0.       , -0.       ],
       [ 0.       ,  0.       , -0.       ,  0.       , -0.       ,
        -0.       ,  0.       ,  0.       , -0.       ,  0.       ],
       [-0.       , -0.       ,  0.       , -0.       , -0.       ,
         0.       , -2.0263195, -0.       ,  0.       ,  0.       ],
       [ 0.       , -0.       ,  0.       , -2.1604524, -0.       ,
         0.       ,  0.       , -1.9727325, -0.       ,  0.       ],
       [-0.       , -0.       , -0.       ,  0.       , -0.       ,
         0.       ,  0.       , -2.532072 ,  0.       ,  0.       ],
       [ 0.       , -0.       , -0.       , -0.       ,  0.       ,
         0.       ,  0.       , -0.       , -0.       , -0.       ],
       [ 0.       ,  2.2350385, -0.       ,  0.       ,  0.       ,
        -0.       ,  2.2725294,  0.       , -0.       , -0.       ],
       [-0.       , -0.       , -0.       ,  0.       , -0.       ,
         0.       , -1.8570241, -0.       ,  0.       ,  0.       ],
       [ 0.       ,  0.       ,  0.       , -0.       ,  0.       ,
        -0.       , -0.       ,  0.       , -0.       , -0.       ],
       [-1.7560207, -0.       ,  0.       ,  0.       , -0.       ,
        -0.       ,  0.       , -0.       , -2.3116293,  0.       ],
       [ 0.       , -0.       ,  0.       ,  1.7999182,  0.       ,
        -0.       ,  0.       , -0.       , -0.       , -0.       ],
       [-0.       ,  0.       , -0.       ,  0.       ,  2.3992288,
         0.       ,  0.       ,  0.       , -0.       ,  0.       ],
       [-0.       , -0.       ,  0.       ,  0.       , -0.       ,
        -1.9013793,  0.       , -0.       ,  0.       ,  0.       ],
       [-0.       , -0.       ,  0.       , -2.1110458, -0.       ,
         0.       ,  0.       , -0.       ,  0.       ,  0.       ],
       [ 0.       , -0.       ,  0.       , -0.       ,  0.       ,
        -2.6294968, -0.       ,  0.       ,  0.       , -0.       ],
       [-0.       ,  0.       , -0.       , -0.       ,  0.       ,
        -0.       ,  0.       ,  0.       , -1.6493605, -0.       ],
       [-0.       ,  0.       ,  0.       ,  0.       ,  0.       ,
         0.       ,  0.       , -0.       , -0.       , -0.       ],
       [-0.       , -0.       , -1.4507382,  0.       , -0.       ,
        -0.       ,  0.       , -0.       ,  0.       ,  0.       ],
       [-0.       ,  0.       , -1.4757516, -0.       , -0.       ,
        -0.       ,  1.8427852,  0.       ,  0.       ,  0.       ],
       [-0.       , -0.       ,  1.8727554, -0.       , -0.       ,
        -0.       ,  0.       , -0.       ,  0.       ,  0.       ],
       [-0.       , -1.8278341, -0.       ,  0.       ,  0.       ,
         0.       ,  0.       ,  0.       , -0.       , -0.       ],
       [-0.       ,  0.       ,  0.       , -0.       , -0.       ,
         0.       , -0.       ,  1.8990724, -0.       ,  0.       ],
       [-2.0119586, -0.       , -0.       , -0.       , -0.       ,
        -0.       , -1.8255548, -0.       , -0.       ,  0.       ],
       [-0.       , -0.       , -0.       , -0.       ,  2.3544912,
         0.       ,  0.       , -2.1484048,  0.       ,  0.       ],
       [-0.       , -0.       ,  0.       ,  0.       ,  0.       ,
         0.       , -0.       , -0.       ,  2.4797535,  0.       ],
       [-0.       ,  0.       , -0.       , -2.4105773,  0.       ,
        -0.       ,  0.       ,  0.       , -0.       ,  0.       ],
       [ 0.       ,  0.       , -0.       , -0.       ,  0.       ,
        -0.       , -0.       ,  0.       ,  0.       , -0.       ],
       [ 0.       ,  0.       ,  0.       ,  0.       ,  0.       ,
        -0.       , -0.       , -0.       , -2.010743 , -0.       ],
       [ 0.       ,  0.       ,  0.       , -1.5926185,  2.1007907,
         0.       ,  0.       , -0.       , -0.       ,  2.4281259],
       [-0.       , -2.182188 , -1.776447 ,  0.       , -0.       ,
        -0.       ,  0.       ,  0.       , -0.       ,  0.       ],
       [ 0.       ,  0.       , -0.       ,  0.       ,  0.       ,
        -1.7339801, -0.       , -0.       , -0.       ,  0.       ],
       [ 1.6788428,  0.       , -0.       ,  0.       ,  0.       ,
        -0.       ,  0.       ,  0.       , -0.       , -0.       ],
       [ 2.398538 , -0.       ,  0.       , -0.       ,  0.       ,
         0.       ,  1.9019557, -0.       , -0.       ,  0.       ],
       [ 0.       ,  0.       , -0.       , -1.4190928,  0.       ,
        -0.       , -0.       ,  0.       , -0.       , -0.       ],
       [ 0.       ,  0.       , -0.       , -0.       , -0.       ,
        -0.       ,  0.       ,  0.       ,  0.       ,  0.       ],
       [ 0.       ,  2.0280974,  0.       , -0.       ,  0.       ,
        -0.       , -0.       , -0.       ,  0.       , -0.       ],
       [ 0.       ,  2.338683 , -0.       ,  0.       ,  0.       ,
         0.       , -0.       ,  0.       ,  0.       , -0.       ],
       [-0.       , -0.       ,  0.       ,  0.       , -0.       ,
        -2.4813893, -2.9547422, -0.       ,  0.       ,  0.       ],
       [ 0.       ,  0.       ,  0.       , -0.       ,  1.7811635,
        -0.       , -0.       ,  0.       , -0.       , -0.       ],
       [ 0.       ,  0.       ,  1.707189 ,  0.       ,  0.       ,
        -0.       , -0.       , -0.       , -0.       , -0.       ],
       [ 0.       , -0.       , -0.       , -0.       ,  0.       ,
         0.       , -0.       , -0.       ,  0.       ,  1.7384139],
       [-0.       , -0.       ,  0.       , -0.       , -1.7212963,
         0.       ,  0.       ,  0.       ,  0.       ,  0.       ],
       [ 0.       ,  0.       ,  0.       , -0.       ,  0.       ,
        -2.2803679, -0.       , -0.       , -0.       ,  0.       ],
       [-0.       ,  0.       , -2.129153 , -0.       , -0.       ,
        -0.       ,  0.       , -0.       , -0.       ,  0.       ],
       [-0.       ,  0.       , -0.       ,  0.       , -0.       ,
        -0.       ,  0.       ,  0.       , -2.1933744,  0.       ],
       [ 0.       ,  0.       ,  0.       , -0.       , -0.       ,
        -0.       , -0.       , -0.       ,  2.2284017, -1.7363639],
       [ 0.       , -0.       , -0.       , -0.       , -0.       ,
        -0.       ,  0.       ,  0.       ,  0.       ,  0.       ],
       [ 0.       ,  0.       , -0.       , -0.       ,  0.       ,
         0.       , -0.       ,  0.       ,  0.       , -0.       ],
       [ 0.       ,  0.       ,  1.5368645, -0.       , -1.76177  ,
         0.       , -0.       , -0.       ,  0.       , -0.       ],
       [ 0.       ,  0.       , -1.7619772,  0.       ,  0.       ,
        -0.       , -0.       ,  0.       , -0.       , -0.       ],
       [-0.       , -0.       ,  0.       ,  0.       , -0.       ,
         0.       ,  0.       , -0.       , -0.       , -0.       ],
       [ 0.       ,  0.       , -0.       , -0.       ,  0.       ,
         0.       , -0.       , -0.       , -0.       , -0.       ],
       [ 0.       , -0.       ,  0.       , -0.       ,  0.       ,
         1.6771698,  2.2977047,  0.       ,  0.       , -0.       ],
       [ 0.       ,  3.259489 ,  0.       , -0.       ,  0.       ,
        -0.       , -0.       , -0.       ,  0.       , -0.       ],
       [-0.       ,  0.       , -0.       , -0.       ,  0.       ,
        -0.       ,  0.       ,  0.       , -0.       ,  0.       ],
       [ 0.       ,  0.       ,  0.       ,  0.       ,  0.       ,
        -0.       , -0.       , -1.6122195, -0.       , -0.       ],
       [ 0.       , -0.       ,  0.       ,  0.       , -0.       ,
         0.       , -0.       , -0.       ,  0.       , -0.       ],
       [ 0.       ,  0.       , -0.       , -0.       ,  0.       ,
         1.6359813, -0.       ,  0.       , -0.       , -0.       ],
       [-0.       , -0.       ,  0.       ,  0.       , -0.       ,
        -0.       , -0.       ,  0.       , -0.       ,  0.       ],
       [-0.       , -0.       ,  0.       , -0.       , -0.       ,
        -0.       ,  0.       , -0.       ,  0.       , -1.8923304],
       [ 1.6928947,  0.       , -0.       ,  0.       ,  0.       ,
         0.       , -0.       ,  0.       , -0.       , -0.       ],
       [-0.       ,  0.       ,  1.7942185,  0.       ,  0.       ,
        -0.       ,  0.       ,  0.       , -0.       , -0.       ],
       [ 0.       , -0.       ,  0.       , -0.       , -0.       ,
        -0.       , -0.       ,  0.       ,  0.       ,  0.       ],
       [ 0.       ,  0.       , -0.       ,  0.       ,  0.       ,
        -0.       , -0.       , -0.       , -0.       ,  0.       ],
       [-0.       , -0.       ,  0.       ,  0.       , -0.       ,
         0.       , -0.       , -0.       , -0.       ,  0.       ],
       [ 0.       ,  0.       ,  0.       , -0.       ,  0.       ,
        -0.       , -0.       ,  0.       , -0.       ,  1.7332408],
       [ 0.       , -0.       ,  0.       ,  0.       ,  0.       ,
        -0.       , -0.       ,  2.6790864,  0.       , -0.       ],
       [ 0.       , -0.       , -0.       , -0.       ,  0.       ,
        -0.       ,  2.2586992, -1.283063 ,  0.       , -0.       ],
       [-0.       , -0.       ,  0.       , -0.       , -0.       ,
         2.1613934,  0.       , -0.       ,  0.       ,  0.       ],
       [ 0.       ,  0.       , -0.       ,  0.       , -0.       ,
        -0.       , -0.       ,  0.       ,  0.       ,  0.       ],
       [-0.       , -0.       ,  0.       , -0.       , -0.       ,
        -0.       ,  0.       , -0.       ,  0.       ,  0.       ],
       [-0.       ,  0.       , -0.       ,  0.       , -0.       ,
        -0.       ,  0.       , -0.       , -0.       ,  0.       ],
       [ 2.5959206,  0.       , -0.       , -0.       , -0.       ,
         0.       ,  3.1002486,  0.       , -0.       , -0.       ],
       [-0.       ,  0.       ,  0.       , -2.4796996, -0.       ,
        -2.963946 ,  0.       , -0.       ,  0.       ,  0.       ],
       [ 1.8084989, -0.       ,  0.       , -0.       ,  0.       ,
         0.       , -0.       ,  0.       , -1.5599239, -0.       ],
       [-0.       , -3.2548869,  0.       ,  0.       , -2.5274055,
        -0.       , -0.       , -0.       ,  0.       ,  0.       ],
       [ 0.       ,  1.8008609,  0.       ,  0.       , -0.       ,
        -2.7416568, -0.       , -0.       ,  0.       , -0.       ],
       [ 0.       ,  0.       , -0.       , -0.       ,  0.       ,
        -1.808472 , -0.       ,  0.       ,  0.       , -0.       ],
       [-0.       ,  0.       , -0.       , -0.       , -0.       ,
        -0.       ,  0.       , -0.       ,  0.       ,  0.       ],
       [-1.7269278, -0.       ,  0.       ,  0.       , -0.       ,
        -0.       ,  0.       , -0.       ,  0.       ,  0.       ],
       [ 0.       , -0.       , -0.       , -0.       , -0.       ,
         0.       ,  0.       , -0.       ,  0.       , -0.       ],
       [ 0.       ,  0.       ,  0.       , -0.       ,  0.       ,
         0.       ,  0.       ,  0.       , -0.       , -0.       ],
       [ 0.       ,  0.       ,  0.       , -0.       , -0.       ,
         0.       , -0.       , -0.       , -0.       , -0.       ],
       [ 0.       ,  0.       , -0.       ,  1.5812135,  0.       ,
         0.       , -0.       , -0.       , -0.       , -0.       ],
       [ 0.       , -0.       ,  0.       , -1.8882972, -0.       ,
        -0.       , -0.       , -0.       ,  1.6814793,  0.       ],
       [ 0.       , -0.       ,  0.       ,  0.       ,  0.       ,
        -0.       ,  0.       , -0.       , -0.       , -0.       ],
       [-0.       ,  0.       , -1.2870948, -0.       , -0.       ,
         0.       ,  0.       ,  0.       , -0.       ,  1.7798772],
       [-0.       , -0.       , -0.       ,  0.       , -0.       ,
         0.       ,  0.       , -1.5754213,  0.       ,  0.       ],
       [ 0.       ,  0.       , -0.       , -0.       ,  0.       ,
        -0.       , -0.       , -0.       ,  0.       , -2.1103349],
       [-0.       , -0.       ,  0.       ,  0.       , -1.9426795,
        -0.       ,  0.       , -0.       ,  0.       ,  1.8217645],
       [-0.       ,  0.       ,  2.149565 ,  0.       ,  0.       ,
        -0.       ,  0.       ,  0.       , -0.       , -0.       ],
       [ 0.       ,  0.       , -0.       ,  0.       , -2.466372 ,
         0.       , -0.       , -0.       , -0.       ,  0.       ],
       [ 2.1502798, -0.       ,  0.       , -0.       , -0.       ,
        -0.       ,  0.       , -0.       , -0.       ,  0.       ],
       [-2.0968904, -0.       ,  0.       ,  0.       ,  0.       ,
         0.       , -2.6198473, -0.       ,  0.       , -0.       ],
       [-0.       ,  1.9523861, -0.       ,  0.       , -0.       ,
         0.       ,  0.       , -0.       ,  0.       ,  0.       ],
       [ 0.       ,  0.       ,  1.6470463, -0.       ,  0.       ,
        -0.       ,  0.       ,  0.       ,  0.       , -0.       ],
       [ 0.       ,  0.       , -0.       ,  0.       , -0.       ,
        -0.       , -0.       , -0.       ,  0.       ,  0.       ]],
      dtype=float32)
 array([ 0.14854471,  0.46535936,  0.10684466, -0.00784101,  0.0494931 ,
        0.5489589 , -0.16635668,  0.4159237 , -0.93378   , -0.34949362],
      dtype=float32)]