FC Layer, 300 (Glorot Init.) Original_Weights[array([[ 0.,  0.,  0., ..., -0.,  0.,  0.],
       [ 0., -0., -0., ..., -0.,  0., -0.],
       [ 0.,  0., -0., ..., -0., -0., -0.],
       ...,
       [ 0.,  0., -0., ...,  0.,  0.,  0.],
       [ 0., -0., -0., ...,  0.,  0., -0.],
       [-0., -0., -0., ..., -0., -0., -0.]], dtype=float32)
 array([-1.24103643e-01,  1.43564299e-01,  2.04008713e-01,  1.52102172e-01,
        0.00000000e+00, -1.92013517e-01,  4.77406196e-02,  7.46499375e-02,
        0.00000000e+00,  7.16419220e-02, -1.02394875e-02, -7.27984905e-02,
        8.76383483e-02, -1.74883455e-01, -1.81581944e-01, -7.53263533e-02,
        1.57928199e-01,  7.83809200e-02,  7.35567883e-02,  1.54333830e-01,
       -4.47968468e-02, -2.12040171e-01,  0.00000000e+00, -9.34065953e-02,
        6.86818138e-02,  7.44084194e-02, -1.70301184e-01, -2.37682387e-01,
       -1.26795337e-01,  2.55936593e-01, -5.41093498e-02,  2.86862478e-02,
       -1.43564343e-01, -5.23504801e-02, -1.01983182e-01, -3.37900594e-02,
        0.00000000e+00, -2.77871400e-01,  1.05550580e-01, -3.63933533e-01,
        2.07235903e-01,  1.01489477e-01, -2.75678392e-02, -1.09904900e-01,
        4.69639385e-03,  5.85604981e-02,  3.35821859e-03, -1.99369751e-02,
       -3.49285640e-03,  1.29648387e-01, -9.08961594e-02, -9.70871225e-02,
       -2.31939312e-02, -5.27790859e-02, -9.63241085e-02,  0.00000000e+00,
        3.06605585e-02, -2.95504153e-01,  1.42454654e-02,  5.07124737e-02,
       -3.06648798e-02, -6.35511428e-02, -1.24749951e-01,  2.54769892e-01,
       -4.66476157e-02,  2.61703283e-02, -1.12964869e-01, -1.32781968e-01,
        1.73281640e-01, -1.52000204e-01, -8.55184197e-02, -1.03887200e-01,
        0.00000000e+00,  6.35770410e-02,  4.91999835e-03, -4.25002389e-02,
       -8.12296942e-02,  2.40486205e-01,  0.00000000e+00, -7.52510577e-02,
       -1.19874366e-01, -2.89834272e-02,  1.19917519e-01,  1.02129832e-01,
        9.25000235e-02,  1.50372639e-01, -4.96218614e-02, -8.51630643e-02,
        1.40500724e-01, -1.78339854e-01,  2.11400583e-01, -1.07945120e-02,
       -8.13988596e-02,  2.47786999e-01, -1.64272934e-02, -1.13139004e-01,
       -1.09325036e-01, -3.07649132e-02,  7.62640163e-02,  1.50457323e-01,
       -4.57360744e-02, -7.24835545e-02, -2.17621922e-01, -2.29235124e-02,
        1.86509024e-02, -6.50830045e-02, -1.30523086e-01,  8.95733833e-02,
       -1.37221143e-01, -1.13283120e-01, -1.69062778e-01, -5.37364557e-03,
        1.01005346e-01,  1.96086094e-01,  0.00000000e+00,  5.11300601e-02,
       -1.59756690e-02, -1.22387139e-02,  8.03978071e-02,  2.52086390e-02,
        2.04180237e-02, -2.06659377e-01, -5.94280437e-02,  1.83655947e-01,
        0.00000000e+00,  1.76392823e-01, -2.02802718e-01,  2.31141448e-02,
       -1.28743872e-01, -1.31854415e-01,  8.08165073e-02, -6.09833701e-03,
        3.51194851e-02, -4.81491424e-02,  1.56511720e-02,  1.03199452e-01,
        3.99532586e-01,  3.31100166e-01,  1.43926054e-01, -1.01024643e-01,
       -8.39397125e-03, -4.50950414e-02,  6.52478188e-02,  0.00000000e+00,
       -1.47830546e-01,  9.62117836e-02,  2.38499604e-02, -3.98750715e-02,
       -1.11861020e-01,  0.00000000e+00,  0.00000000e+00,  1.94592960e-02,
       -8.68351907e-02,  1.85682371e-01,  0.00000000e+00,  1.18197583e-01,
        3.12427245e-02,  7.42790550e-02, -2.58221239e-01, -1.39305472e-01,
        2.43723532e-03,  2.75104102e-02,  4.12256606e-02,  8.10079649e-02,
       -5.94664402e-02, -9.98622179e-02,  3.80460583e-02,  0.00000000e+00,
       -1.76452860e-01, -4.23286147e-02,  2.70119105e-02, -1.30335972e-01,
       -9.27050859e-02, -1.08710133e-01,  1.54844811e-02, -1.51648507e-01,
       -8.44639540e-02, -5.26553690e-02,  1.17584489e-01, -7.75953829e-02,
        1.96021572e-01,  4.67095003e-02, -7.35927150e-02,  5.43002561e-02,
       -2.79556990e-01, -1.54564306e-01,  1.03902474e-01, -8.26907530e-02,
        1.69856265e-01, -1.28202230e-01,  0.00000000e+00,  1.31541103e-01,
        1.32035226e-01,  1.16630020e-02,  4.62369621e-02, -8.27758834e-02,
        2.13606041e-02,  1.00764222e-01,  3.24175656e-01,  5.57352938e-02,
       -5.40984571e-02,  6.45550638e-02,  2.57444941e-02,  2.19148621e-01,
       -1.71068102e-01, -1.25160608e-02, -1.92411263e-02, -1.15988113e-01,
        1.95551068e-02, -8.92408658e-03, -2.92437412e-02,  3.32520097e-01,
        2.89616168e-01, -2.48441532e-01, -1.57609075e-01,  2.72099733e-01,
        1.03773773e-01,  4.25430089e-02,  1.44815430e-01,  9.02234986e-02,
        3.34100164e-02, -3.04946080e-02, -9.97764915e-02,  1.50160054e-02,
        6.34578541e-02,  6.39422685e-02,  7.48584867e-02,  9.44274813e-02,
        8.14512279e-03,  7.48468935e-02, -1.33791223e-01,  2.79177446e-02,
        0.00000000e+00,  5.14200376e-03,  0.00000000e+00, -3.39058749e-02,
        2.95462999e-02, -1.66230798e-01,  6.11519329e-02,  4.70003970e-02,
       -4.16497625e-02,  1.56741500e-01,  2.58668631e-01, -1.53185651e-01,
        1.74413607e-01,  1.56894252e-01,  2.91614622e-01, -1.63167939e-01,
       -1.91239174e-04,  1.34953916e-01,  6.37575537e-02,  7.85462111e-02,
        4.03840607e-03, -1.06199697e-01,  2.07228273e-01,  0.00000000e+00,
       -1.22050755e-01, -1.00697160e-01,  5.64659759e-02, -7.76320696e-02,
        1.56905606e-01, -2.60430843e-01,  6.30062073e-02, -1.33041978e-01,
       -2.87327524e-02,  0.00000000e+00, -9.59719121e-02,  5.96189464e-04,
       -2.78308719e-01,  9.90759302e-03, -9.35586542e-02, -6.42339662e-02,
        0.00000000e+00, -1.00181744e-01, -5.67190908e-02, -1.85788982e-02,
        5.24069108e-02,  9.86490492e-03,  7.56713897e-02, -8.09982568e-02,
        6.59544915e-02,  1.25973038e-02,  1.05456345e-01,  0.00000000e+00,
       -8.81010816e-02, -9.22218263e-02,  5.01591042e-02,  5.28140701e-02,
        1.39938369e-01,  2.86140412e-01, -4.96867709e-02,  7.38040507e-02,
       -4.19013388e-02,  8.60032141e-02,  2.79450446e-01,  1.17293075e-01,
        1.21256061e-01, -6.59120381e-02, -2.57467955e-01, -1.90276131e-01],
      dtype=float32)]FC Layer, 100 (Glorot Init.) Original_Weights[array([[-0.        , -0.        , -0.        , ...,  0.        ,
        -0.        , -0.        ],
       [ 0.        , -0.        , -0.        , ..., -0.        ,
         0.        , -0.63325477],
       [-0.        ,  0.        , -0.        , ...,  0.        ,
         0.        ,  0.        ],
       ...,
       [ 0.        ,  0.        , -0.        , ..., -0.        ,
         0.        ,  0.        ],
       [ 0.        , -0.        , -0.        , ...,  0.        ,
        -0.        , -0.        ],
       [ 0.        , -0.        ,  0.        , ..., -0.        ,
         0.        , -0.        ]], dtype=float32)
 array([-0.04259615, -0.15737878,  0.142425  , -0.09157301, -0.1111818 ,
        0.21845745, -0.05237541, -0.01602921, -0.2722056 ,  0.03998986,
       -0.0291896 , -0.15200186,  0.19315998,  0.1878867 , -0.07048898,
       -0.14245428, -0.09121245, -0.02377922,  0.2422521 ,  0.01526907,
       -0.01877633,  0.04994228,  0.21946765, -0.24182789,  0.19854805,
        0.2228123 , -0.25976244, -0.22437294, -0.10743596, -0.29198286,
        0.18132462, -0.06785855, -0.04074235, -0.19113031,  0.03155984,
       -0.14889051,  0.05325834, -0.12107766,  0.04130334,  0.10188611,
        0.02588826, -0.04411826,  0.09614518, -0.02740336, -0.1291286 ,
        0.08728494, -0.3140869 ,  0.19895652, -0.0345238 ,  0.20902824,
        0.        , -0.06887673, -0.06751768, -0.07173835,  0.1605302 ,
        0.2803382 ,  0.20794883,  0.        , -0.24643306,  0.        ,
        0.35028216, -0.11799975, -0.0106534 , -0.03680503, -0.08366185,
       -0.05510185,  0.05912939,  0.14572349, -0.04812681,  0.06427149,
        0.09755465, -0.01961714, -0.09784079, -0.22307107,  0.        ,
       -0.11452763, -0.01372422,  0.1920417 , -0.30514318, -0.0227266 ,
        0.1228519 , -0.35739604, -0.00678299,  0.033103  , -0.08379517,
       -0.02489128, -0.08926372, -0.09241679, -0.25293368,  0.02328479,
        0.03525031, -0.19026092, -0.21029346, -0.00255976, -0.06424919,
       -0.15775467,  0.2776332 ,  0.12655759, -0.01784283, -0.11435518],
      dtype=float32)]FC Layer, 10 (Softmax) Original_Weights[array([[-0.        , -0.        , -0.        ,  0.        , -0.        ,
        -0.        ,  0.        ,  0.        ,  0.        ,  0.        ],
       [-0.        ,  0.        , -1.2650664 , -0.        , -0.        ,
         0.        , -0.        , -0.        , -0.        ,  0.        ],
       [-0.        ,  0.        , -0.        ,  0.        ,  1.1748949 ,
        -0.        ,  0.        ,  1.3921504 , -1.478373  ,  0.        ],
       [ 0.        ,  0.        ,  1.4125153 ,  0.        ,  0.        ,
        -0.        , -0.        , -0.        , -0.        , -0.        ],
       [-0.        , -0.        , -0.        ,  0.        , -0.        ,
         0.        ,  0.        ,  0.        ,  0.        ,  1.6164314 ],
       [-0.        ,  0.        ,  0.        , -0.        ,  0.        ,
         1.3337352 , -1.5328877 , -0.        , -0.        , -0.        ],
       [ 0.        , -0.        , -0.        , -1.6043315 , -0.        ,
         0.        , -0.        , -1.027086  ,  0.        ,  0.        ],
       [-1.0205945 ,  0.        ,  0.        , -0.        ,  0.        ,
        -0.        ,  0.        , -1.380004  ,  0.        , -0.        ],
       [ 0.        , -0.        , -1.1521263 ,  0.90306103,  0.        ,
         0.        ,  1.2423843 ,  0.        ,  1.2684982 ,  0.        ],
       [-0.        ,  1.273432  ,  0.        , -0.        , -0.        ,
        -0.        ,  1.6411452 , -0.        ,  0.        ,  0.        ],
       [-0.        ,  0.        ,  0.        , -0.        ,  0.        ,
        -1.4138663 , -1.7334543 , -0.        ,  0.        ,  0.        ],
       [ 0.        , -1.6175251 , -0.        , -0.        ,  0.        ,
         0.        , -0.        , -0.        ,  0.        ,  0.        ],
       [-1.2197663 ,  0.        ,  0.        , -0.        ,  0.        ,
         1.2686334 , -0.        , -0.        , -1.4585156 , -0.        ],
       [ 0.        ,  0.        ,  0.        ,  1.6167477 , -0.        ,
         0.        , -0.        , -0.        , -1.7112335 , -0.        ],
       [-0.        ,  0.        ,  1.1413754 , -0.        ,  1.5478413 ,
         0.        , -0.        ,  0.        , -0.        , -0.        ],
       [ 0.        ,  0.        ,  0.        , -0.        ,  0.        ,
        -1.570188  , -0.        , -0.        , -0.        ,  0.        ],
       [ 0.        ,  0.        ,  0.        , -1.287678  , -0.        ,
        -0.        ,  0.        ,  0.        ,  0.        , -0.        ],
       [-0.        ,  0.        , -0.        ,  1.2441688 , -1.152245  ,
        -1.3123183 ,  0.        , -0.        , -0.        ,  1.1835494 ],
       [-0.        , -0.        , -0.        ,  0.        , -0.        ,
        -0.        ,  0.        ,  1.1274241 , -1.3570727 , -0.        ],
       [ 1.0897511 , -0.        , -0.        , -0.        ,  0.        ,
         0.        , -0.        ,  1.17414   , -1.1178966 ,  0.        ],
       [-1.1565412 ,  0.        , -1.3584954 , -0.        ,  0.        ,
        -0.        , -0.        , -0.        ,  0.        ,  0.        ],
       [ 0.        , -0.        , -1.4560821 , -0.        ,  0.        ,
        -0.        ,  1.4521232 ,  0.        ,  0.        ,  0.        ],
       [-1.0292255 ,  0.        ,  1.1952777 ,  0.        , -0.        ,
        -0.        ,  0.        ,  0.        ,  0.        , -0.        ],
       [-0.        , -1.691316  , -0.        ,  0.        ,  1.0924996 ,
        -0.        ,  0.        ,  0.        , -0.        ,  1.1499988 ],
       [ 0.        ,  1.0611166 ,  0.        , -0.        , -0.        ,
        -0.        ,  0.        ,  1.4330176 , -0.        , -1.0687574 ],
       [-1.5646399 ,  0.        ,  0.        , -0.        ,  0.        ,
        -0.        , -1.5158387 , -0.        , -1.1813691 ,  1.059385  ],
       [-0.        ,  0.        , -0.        ,  0.        ,  1.3178725 ,
        -0.        ,  0.        , -1.1637669 ,  0.        , -0.        ],
       [ 0.        , -1.1930354 ,  0.        , -0.        ,  0.        ,
         0.        , -0.        , -0.        ,  1.3815657 ,  0.        ],
       [ 0.        , -0.        ,  0.        , -1.0502014 ,  1.3468789 ,
         0.        , -0.        , -0.        ,  0.        ,  0.        ],
       [ 0.        ,  0.        ,  0.        , -0.        , -0.        ,
         0.        , -0.        , -0.        ,  1.1620185 , -0.        ],
       [-0.        ,  0.        ,  0.        , -0.        , -0.        ,
         0.        ,  0.        ,  1.6997516 , -1.2182729 ,  0.        ],
       [-0.        , -0.        ,  0.        , -1.4583782 ,  1.4300432 ,
         0.        ,  0.        , -0.        ,  0.        ,  1.7528874 ],
       [ 0.        , -1.3058057 , -1.427438  ,  1.2012606 ,  0.        ,
         0.        , -0.        , -0.        ,  0.        ,  0.        ],
       [-0.        , -1.0072454 ,  0.        , -0.        , -0.        ,
        -1.6425761 ,  0.        , -0.        ,  1.2980305 , -0.        ],
       [ 1.2737259 , -0.        ,  0.        ,  0.        , -0.        ,
        -0.        ,  0.        , -0.        , -0.        ,  0.        ],
       [ 1.2952766 , -0.        ,  0.        , -0.        , -0.        ,
        -1.1419634 ,  1.4288938 , -0.        , -0.        , -0.        ],
       [ 0.        , -0.        , -0.        , -1.1860766 ,  0.        ,
         0.        , -0.        ,  0.        ,  0.        ,  0.        ],
       [ 1.3048228 , -0.        ,  0.        ,  0.        , -0.        ,
        -0.        ,  1.5022515 ,  0.        , -0.        , -0.        ],
       [-0.        ,  1.2536706 ,  0.        , -0.        , -0.        ,
        -0.        ,  0.        ,  0.        ,  0.        , -0.        ],
       [-0.        ,  1.9116973 , -1.3489935 ,  0.        , -0.        ,
        -0.        ,  0.        ,  0.        ,  0.        , -0.        ],
       [ 0.        ,  0.        ,  0.        , -0.        ,  0.        ,
        -0.99237335, -1.3561373 , -0.        , -0.        , -0.        ],
       [-0.        , -0.        , -0.        ,  0.        ,  1.0669698 ,
         0.        ,  0.        ,  0.        , -0.        , -0.        ],
       [-0.        , -0.        ,  1.5627761 ,  0.        , -0.        ,
         0.        ,  0.        ,  0.        , -0.        , -0.        ],
       [-0.        ,  0.        ,  0.        , -0.        , -0.        ,
         0.        ,  0.        , -0.        , -0.        ,  1.4525831 ],
       [ 1.0839711 , -0.        , -0.        ,  0.        , -1.4435617 ,
        -0.        ,  0.        , -0.        ,  0.        ,  1.023358  ],
       [-0.        , -0.        ,  0.        , -0.        ,  0.        ,
        -1.1637232 ,  0.        , -0.        , -0.        ,  0.        ],
       [ 0.        , -0.        , -1.1797878 , -1.1056873 ,  0.        ,
         0.        , -0.        , -0.        ,  0.        ,  1.7591128 ],
       [ 0.        ,  0.        , -0.        , -1.2239954 ,  0.        ,
         0.        , -0.        , -0.        , -1.3371739 ,  0.        ],
       [-1.253394  ,  0.        ,  0.        , -0.        , -0.        ,
        -0.        ,  0.        ,  0.        ,  1.2015923 , -1.5487123 ],
       [-0.        ,  0.        ,  0.        ,  0.        , -1.1271936 ,
         0.        , -0.        ,  0.        ,  0.        , -0.        ],
       [ 0.        ,  0.        , -0.        , -0.        ,  0.        ,
         0.        , -0.        ,  0.        ,  0.        , -0.        ],
       [-0.        , -0.        ,  1.0719858 ,  0.        , -1.2719505 ,
        -0.        ,  0.        ,  0.        ,  1.2044806 ,  0.        ],
       [ 0.        , -0.        , -1.3075168 ,  0.        , -0.        ,
         0.        ,  0.        ,  0.        ,  0.        , -0.        ],
       [ 0.        , -0.        ,  1.2490795 , -0.        ,  0.        ,
        -1.0276537 , -0.        ,  0.        , -0.        ,  0.        ],
       [-0.        ,  0.        , -0.        ,  0.        , -1.8512572 ,
        -0.        ,  0.        , -0.        ,  0.        ,  0.        ],
       [ 0.        , -0.        ,  0.        , -0.        ,  0.        ,
         1.9122266 ,  1.3806307 , -0.        , -0.        ,  0.        ],
       [-0.        ,  2.0026007 , -0.        ,  0.        , -0.        ,
         0.        ,  0.        ,  0.        ,  0.        , -0.        ],
       [-0.        ,  0.        , -0.        , -0.        ,  0.        ,
        -0.        ,  0.        ,  0.        , -0.        ,  0.        ],
       [-0.        ,  0.        ,  0.        , -0.        ,  0.        ,
         0.        , -0.        , -1.6195707 ,  0.        ,  0.        ],
       [ 0.        , -0.        ,  0.        ,  0.        , -0.        ,
         0.        , -0.        , -0.        ,  0.        , -0.        ],
       [ 0.        ,  0.        , -0.        ,  0.        , -0.        ,
         1.2415719 ,  1.257638  ,  0.        ,  0.        ,  0.        ],
       [-0.        , -0.        , -1.1187962 ,  0.        ,  1.6496732 ,
         0.        ,  0.        ,  0.        ,  0.        ,  0.        ],
       [ 0.        , -0.        ,  1.221583  , -0.        ,  0.        ,
        -0.        ,  0.        , -0.        , -0.        , -1.3132374 ],
       [ 1.2634066 , -0.        ,  0.        , -0.        , -0.        ,
        -0.        ,  0.        , -0.        ,  0.        ,  0.        ],
       [ 0.        ,  0.        ,  1.4348937 , -0.        ,  0.        ,
         0.        , -0.        , -0.        , -0.        ,  0.        ],
       [-0.        ,  0.        ,  0.        , -0.        , -0.        ,
        -0.        ,  1.5759715 ,  0.        ,  0.        ,  0.        ],
       [ 0.        ,  0.        ,  0.99406344, -0.        , -0.        ,
        -0.        ,  0.        , -0.        ,  0.        ,  0.        ],
       [ 0.        , -0.        , -0.        ,  0.        ,  0.        ,
        -0.        , -0.        , -0.        , -0.        ,  0.        ],
       [-0.        ,  0.        ,  0.        , -0.        , -1.3195782 ,
         0.        , -0.        , -0.        , -0.        ,  1.24517   ],
       [ 0.        ,  0.        ,  0.        ,  0.        , -0.        ,
         0.        , -0.        ,  1.4622905 , -0.        , -1.272418  ],
       [-0.        , -0.        , -0.        , -1.0494487 , -0.        ,
         0.        ,  1.9363699 , -1.2954738 ,  0.        , -0.        ],
       [ 0.        ,  0.        , -0.        ,  0.        ,  0.        ,
         1.5145882 , -0.        , -1.4527218 ,  0.        , -0.        ],
       [ 1.7219634 , -0.        , -0.        , -0.        ,  0.        ,
         0.        , -0.        , -0.        ,  0.        ,  0.        ],
       [-0.        , -0.        ,  0.        ,  1.2221411 ,  0.        ,
        -1.4872943 , -1.373212  , -0.        , -0.        ,  0.        ],
       [-0.        ,  0.        , -0.        ,  0.        , -0.        ,
        -0.        ,  0.        , -0.        , -0.        ,  0.        ],
       [ 2.3442585 , -0.        , -0.        , -0.        , -0.        ,
         0.        ,  1.7721256 ,  0.        ,  0.        ,  0.        ],
       [ 0.        , -0.        ,  0.        , -1.5500675 ,  0.        ,
        -1.5850375 ,  0.        , -0.        ,  1.3295304 , -0.        ],
       [ 1.395087  ,  0.        ,  1.3222895 , -0.        , -0.        ,
         0.        , -0.        ,  0.        , -1.6144139 , -0.        ],
       [-0.        , -1.6329486 ,  0.        , -0.        , -1.496922  ,
         0.        , -0.        ,  0.        ,  1.1337657 , -0.        ],
       [ 0.        ,  1.4234442 , -0.        , -0.        ,  1.3060817 ,
        -1.3760798 , -0.        ,  0.        , -0.        , -0.        ],
       [-0.        ,  0.        , -0.        ,  0.        ,  0.        ,
        -1.4215461 ,  0.        ,  1.2915083 , -0.        , -0.        ],
       [-0.        , -0.        , -0.        ,  0.        , -0.        ,
         0.        ,  0.        ,  0.        ,  0.        ,  0.        ],
       [-1.3712671 ,  0.        , -0.        ,  1.5160966 , -0.        ,
        -0.        ,  1.0754392 ,  0.        ,  0.        , -1.0960304 ],
       [-0.        , -0.        , -0.        , -0.        , -0.        ,
         1.2980806 ,  0.        , -0.        ,  0.        ,  0.        ],
       [ 0.        , -0.        ,  0.        ,  1.1481954 ,  0.        ,
         0.        ,  1.2096431 , -0.        , -0.        ,  0.        ],
       [ 0.        ,  0.        , -0.        ,  0.        , -0.        ,
        -0.        ,  0.        , -0.        , -0.        , -0.        ],
       [-0.        ,  0.        ,  0.        ,  1.4587779 , -0.        ,
        -1.1184201 ,  0.        ,  0.        ,  0.        , -0.        ],
       [ 0.        , -0.        ,  0.        , -1.196185  ,  0.        ,
        -0.        ,  0.        , -0.        ,  1.1958034 , -0.        ],
       [-0.        , -1.3900359 ,  0.        ,  1.2224382 ,  0.        ,
        -0.        ,  0.        , -0.        ,  0.        ,  0.        ],
       [ 0.        , -0.        , -1.1826705 ,  0.        ,  0.        ,
        -0.        , -0.        , -0.        ,  0.        ,  1.3694927 ],
       [ 0.        ,  0.        ,  0.        , -0.        ,  0.        ,
        -0.        , -0.        , -1.661765  , -0.        ,  0.        ],
       [ 0.        ,  0.        ,  1.1291819 , -0.        , -0.        ,
         0.        , -0.        ,  0.        , -0.        , -1.1788845 ],
       [-0.        , -1.0131074 ,  0.        , -0.        , -1.5675658 ,
         0.        , -0.        , -0.        , -0.        ,  1.6517344 ],
       [ 0.        ,  0.        ,  1.353148  , -0.        ,  0.        ,
         0.        , -0.        , -0.        , -0.        ,  0.        ],
       [-0.        ,  0.        ,  0.        , -0.        , -1.4493062 ,
        -0.        , -1.4408938 , -0.        , -0.        ,  1.0666974 ],
       [ 1.5969483 ,  0.        , -0.        ,  0.        ,  0.        ,
        -0.        ,  0.        , -0.        ,  0.        ,  1.4634197 ],
       [-1.0501626 ,  0.        , -1.2005849 , -0.        ,  0.        ,
        -0.        , -1.1300192 , -0.        , -0.        , -0.        ],
       [-0.        ,  1.2725539 ,  0.        , -0.        , -0.        ,
         0.        , -0.        ,  0.        , -0.        , -0.        ],
       [ 0.        , -0.        ,  1.3752577 ,  0.        , -0.        ,
        -0.        , -0.        ,  0.        , -0.        ,  0.        ],
       [-0.        ,  0.        ,  0.        ,  1.311881  , -0.        ,
         0.        , -0.        , -1.187846  , -0.        ,  0.        ]],
      dtype=float32)
 array([ 0.08668651,  0.29585862,  0.13383457, -0.03128032, -0.04394919,
        0.1754708 , -0.04930837,  0.23783836, -0.48747563, -0.24130599],
      dtype=float32)]