FC Layer, 300 (Glorot Init.) Original_Weights[array([[ 0.,  0.,  0., ..., -0.,  0.,  0.],
       [ 0., -0., -0., ..., -0.,  0., -0.],
       [ 0.,  0., -0., ..., -0., -0., -0.],
       ...,
       [ 0.,  0., -0., ...,  0.,  0.,  0.],
       [ 0., -0., -0., ...,  0.,  0., -0.],
       [-0., -0., -0., ..., -0., -0., -0.]], dtype=float32)
 array([-1.75709687e-02,  4.73928601e-02,  1.89755753e-01,  1.01335734e-01,
        0.00000000e+00, -1.29796937e-01,  6.82089105e-02,  8.55073780e-02,
        0.00000000e+00,  1.72249675e-01, -1.34250624e-02, -1.11513272e-01,
        1.84974317e-02, -1.41143918e-01, -1.49458230e-01, -5.88867590e-02,
        1.10829853e-01,  1.77815109e-01,  1.04127131e-01,  5.88640198e-02,
       -3.63063253e-02, -8.89518857e-03, -1.27991065e-01, -3.87159549e-02,
        1.10166796e-01,  8.15445930e-02, -1.18213430e-01, -1.34375304e-01,
       -7.73124546e-02,  1.61940679e-01, -5.00897178e-03,  6.10769689e-02,
       -1.05150610e-01,  2.77073514e-02, -1.63818449e-01,  8.47149864e-02,
        0.00000000e+00, -1.64184451e-01,  3.38862464e-02, -2.68153578e-01,
        9.38461572e-02, -3.93629000e-02,  2.45580766e-02, -1.26756847e-01,
       -8.17329288e-02,  2.86186263e-02,  3.23218144e-02,  2.03636419e-02,
       -8.59578475e-02,  5.57117835e-02, -1.43846974e-01, -1.28994972e-01,
       -3.87701504e-02, -6.38623014e-02, -3.15719694e-02,  1.48471609e-01,
        1.52570501e-01, -1.37061700e-01,  4.91412729e-02,  9.79641229e-02,
       -8.15161094e-02,  2.82926951e-03, -9.84845683e-02,  1.67827621e-01,
        5.09579740e-02,  7.11330399e-02, -9.38789546e-02, -1.76170796e-01,
        2.82980781e-02, -1.17546067e-01, -3.16727534e-02, -2.37054676e-02,
        0.00000000e+00,  6.31059483e-02,  3.09566744e-02,  2.20220629e-02,
        4.37859073e-02,  3.03028412e-02,  0.00000000e+00,  2.84775272e-02,
       -1.52833521e-01, -1.24708312e-02,  1.32583797e-01,  1.00293651e-01,
       -1.87281687e-02,  1.31800830e-01,  2.55841427e-02, -8.24921578e-02,
        3.31856422e-02, -1.60392880e-01,  1.28447801e-01, -4.56407443e-02,
       -1.14651039e-01,  1.55641034e-01, -8.24573264e-03, -1.21855259e-01,
       -2.92875431e-02,  8.77138600e-02,  1.02415130e-01,  2.07951404e-02,
       -5.60621880e-02, -3.41075771e-02, -1.90326631e-01,  9.77098476e-03,
        2.82594748e-02, -5.52433059e-02, -5.47520146e-02,  8.75978470e-02,
        1.11865636e-04, -1.03818685e-01, -1.21333644e-01,  3.54558080e-02,
        2.86592692e-02,  9.37356204e-02,  0.00000000e+00, -1.45326061e-02,
       -7.38951117e-02, -3.22439261e-02, -3.44165936e-02, -6.10809140e-02,
        2.34814323e-02, -1.81262493e-01, -1.68979168e-02,  4.24337387e-02,
        5.27863167e-02,  2.52558649e-01, -2.01006442e-01,  6.14830703e-02,
       -8.50644112e-02, -1.78645149e-01, -8.38085916e-03, -4.79535721e-02,
        3.55899259e-02,  3.57794613e-02,  4.46845777e-03,  1.03999369e-01,
        1.41040429e-01,  1.82579577e-01, -1.98786370e-02, -4.24910113e-02,
       -8.37902445e-03, -9.53094214e-02,  1.72604453e-02,  0.00000000e+00,
       -5.17026559e-02,  3.37711014e-02, -1.37405172e-01, -1.43156484e-01,
        4.47782651e-02,  0.00000000e+00,  0.00000000e+00,  8.10411200e-02,
       -6.47584051e-02,  1.40527546e-01, -6.79385886e-02,  1.14053272e-01,
       -7.05878192e-04,  6.27732351e-02, -1.39058739e-01, -2.21418291e-02,
       -1.19205572e-01, -1.11136191e-01, -3.86112034e-02,  1.05886899e-01,
       -5.96115924e-02, -2.23250777e-01,  3.01776603e-02,  0.00000000e+00,
       -8.16495642e-02,  2.23218258e-02,  2.03198437e-02, -1.26103982e-01,
       -7.31133595e-02, -1.63802262e-02,  1.09309532e-01,  1.16750076e-01,
        3.01834866e-02, -1.30091697e-01,  1.05132833e-01, -1.37905762e-01,
        7.22922534e-02,  1.36861518e-01, -1.22489087e-01,  9.96509492e-02,
       -1.51233211e-01, -4.37357761e-02,  8.51770788e-02, -1.45026565e-01,
        1.03629977e-01, -2.18922660e-01,  0.00000000e+00,  1.24317460e-01,
        1.92760378e-01,  4.86503430e-02, -3.17183323e-02,  4.05807421e-03,
        3.68441567e-02,  7.06128255e-02,  1.81698471e-01,  7.36252815e-02,
        3.76105532e-02, -6.12619109e-02, -4.92417440e-02,  1.93874195e-01,
       -1.42333463e-01,  3.94207649e-02,  5.52142709e-02, -5.69494814e-02,
        8.42011198e-02,  1.11382544e-01, -9.28375050e-02,  1.51724011e-01,
        3.12197302e-02, -7.96661749e-02, -2.03369781e-01,  1.26314685e-01,
       -4.88332147e-03,  6.43669441e-02,  1.39550015e-01, -3.15277688e-02,
        1.08767115e-02,  1.17904153e-02, -6.18658625e-02,  1.52375279e-02,
        1.04133546e-01,  4.76948582e-02,  2.44266950e-02, -1.50599722e-02,
       -4.95806076e-02,  1.21365532e-01, -1.22777335e-01, -3.37252617e-02,
       -9.95730907e-02,  1.01470463e-01,  1.34211630e-01, -1.21477418e-01,
        1.89923763e-01, -2.29701042e-01, -7.92327821e-02,  1.27136603e-01,
       -2.86257546e-02,  9.40202996e-02,  1.86072126e-01, -8.40268210e-02,
        3.17714177e-02,  8.50118250e-02,  1.50343642e-01, -1.18505910e-01,
       -4.71042506e-02,  9.95977372e-02,  2.26689488e-01,  2.86501423e-02,
       -1.13532014e-01, -7.10167512e-02,  1.45728871e-01, -9.56354104e-03,
        3.82245667e-02, -5.95410615e-02,  7.55540654e-02, -3.57868038e-02,
        1.06285155e-01, -1.25378743e-01,  1.39813066e-01, -1.63489789e-01,
        5.95441498e-02,  5.08573242e-02, -1.60958953e-02, -3.96548249e-02,
       -1.57114133e-01,  9.82141215e-03, -2.23110795e-01, -1.12697482e-02,
        2.01195776e-02, -1.55672505e-01, -1.47119984e-01, -3.70252877e-02,
        4.51547205e-02, -8.25799853e-02,  5.45755774e-02, -7.98754618e-02,
        1.39447190e-02, -2.68526133e-02,  1.51342545e-02,  0.00000000e+00,
        1.27999470e-01, -7.93628301e-03,  6.20559044e-02, -8.50948021e-02,
        2.36263096e-01,  2.45133564e-01,  9.46117914e-04,  9.68456417e-02,
       -5.41305877e-02,  2.73685474e-02,  1.85460865e-01,  1.15482017e-01,
        2.54439451e-02, -7.45141581e-02, -1.22434244e-01, -6.12656847e-02],
      dtype=float32)]FC Layer, 100 (Glorot Init.) Original_Weights[array([[-0.        , -0.        ,  0.        , ..., -0.        ,
        -0.        , -0.        ],
       [-0.        , -0.        , -0.        , ...,  0.        ,
         0.        , -0.56822795],
       [-0.        , -0.        ,  0.        , ...,  0.        ,
        -0.        , -0.        ],
       ...,
       [ 0.        ,  0.        ,  0.        , ..., -0.        ,
        -0.        ,  0.        ],
       [-0.        ,  0.        ,  0.        , ..., -0.        ,
        -0.        , -0.        ],
       [-0.        , -0.        , -0.        , ...,  0.        ,
        -0.        , -0.        ]], dtype=float32)
 array([-0.07813087, -0.04391298,  0.12086862,  0.02443202, -0.046384  ,
        0.07975953,  0.06070001,  0.04670261, -0.26011068,  0.15940051,
       -0.04765953, -0.12936287,  0.24928279,  0.14608672, -0.1919599 ,
       -0.09642842,  0.08031645, -0.02649811,  0.12703705,  0.09998383,
        0.00071202,  0.11750665,  0.13230588, -0.20539701,  0.18376416,
        0.21671939, -0.15481439, -0.15009625, -0.14554949, -0.19256616,
        0.15969461, -0.0611548 , -0.07788007, -0.15516225,  0.12266917,
       -0.09078554, -0.01696616, -0.12442333, -0.00476724,  0.0598315 ,
       -0.07786334, -0.10417739, -0.04426562,  0.00956673, -0.00342234,
       -0.02615106, -0.15371226,  0.20913206, -0.07610459,  0.10292117,
       -0.08193666, -0.00474099,  0.07386276, -0.12715252,  0.15144555,
        0.10930734,  0.14416957,  0.1295274 , -0.12521958,  0.1489522 ,
        0.12327599, -0.16483715,  0.03951146, -0.07524305, -0.13292184,
       -0.03895827, -0.02248295,  0.05206922, -0.03027345,  0.02192565,
        0.02665984,  0.01709452, -0.08866075, -0.06996779, -0.03333773,
       -0.10718854,  0.04583016,  0.15008332, -0.17220138,  0.02847522,
       -0.01191862, -0.31172416,  0.01889005,  0.05625625, -0.04172354,
       -0.1671972 , -0.00148378, -0.04964759, -0.13761804, -0.11367012,
       -0.08114513, -0.09209716, -0.16804068,  0.1856118 , -0.09859703,
       -0.05562021,  0.10613137,  0.15650928,  0.00933275, -0.11665864],
      dtype=float32)]FC Layer, 10 (Softmax) Original_Weights[array([[ 0.        ,  0.        , -0.81092125,  0.        , -0.8499109 ,
         0.        , -0.        ,  0.        ,  0.        ,  0.6807109 ],
       [ 0.        , -0.        , -0.82304585, -0.        , -0.        ,
         0.6872107 , -0.        ,  0.        ,  0.        , -0.        ],
       [-0.        , -0.        , -0.        , -0.        ,  0.86470264,
         0.        ,  0.        ,  0.9909773 , -0.8194054 , -0.        ],
       [ 0.        , -0.        ,  0.9751237 , -0.8167072 ,  0.        ,
        -0.7393142 , -0.        ,  0.        ,  0.        , -0.        ],
       [-0.        ,  0.        , -0.        ,  0.        , -0.        ,
         0.        ,  0.        , -0.        , -0.        ,  0.9671176 ],
       [-0.        , -0.        ,  0.        ,  0.        ,  0.        ,
         0.8961485 , -1.1394985 ,  0.        , -0.        , -0.        ],
       [-0.        ,  0.        , -0.        , -1.1779767 ,  0.        ,
         0.89170796,  0.        , -0.8999226 , -0.        ,  0.        ],
       [-0.78225815, -0.        ,  0.        ,  0.        ,  0.        ,
        -0.        ,  0.        , -1.0876168 , -0.        , -0.        ],
       [ 0.        , -0.45067006, -0.9910733 ,  1.0212934 , -0.        ,
        -0.        ,  1.0487388 , -0.76870567,  0.8083537 ,  0.        ],
       [ 0.6754379 ,  1.1997825 , -0.        , -0.        ,  0.        ,
        -0.        ,  1.2243823 ,  0.        , -0.        , -0.        ],
       [ 0.        , -0.        ,  0.        ,  0.        , -0.        ,
        -1.0996125 , -1.3653367 ,  0.        ,  0.        , -0.        ],
       [ 0.        , -1.0817894 , -0.        ,  0.        , -0.        ,
         0.        , -0.        , -0.        , -0.        ,  0.        ],
       [-0.8843823 , -0.        ,  0.        ,  0.        ,  0.        ,
         0.9215269 ,  0.        ,  0.        , -1.1981463 , -0.        ],
       [ 0.        , -0.        ,  0.        ,  0.95229137, -0.        ,
        -0.        , -0.7543752 ,  0.        , -1.1351336 , -0.        ],
       [-0.        , -0.69363374,  0.952042  , -0.        ,  0.813114  ,
        -0.        ,  0.        , -0.        ,  0.        ,  0.        ],
       [ 0.        ,  0.        ,  0.67261183,  0.        ,  0.        ,
        -1.0918264 , -0.        , -0.        , -0.        , -0.        ],
       [-0.        , -0.        ,  0.        , -0.8644724 , -0.        ,
        -0.88859814, -0.        ,  0.        , -0.        , -0.        ],
       [-0.        , -0.        ,  0.        ,  0.74053764, -0.93540627,
        -0.8495527 ,  0.        ,  0.        ,  0.        ,  0.9086    ],
       [ 0.        ,  0.        ,  0.        ,  0.        ,  0.        ,
         0.        , -0.        ,  0.7718994 , -0.93525106, -0.        ],
       [ 0.7999149 ,  0.        ,  0.        ,  0.        ,  0.        ,
         0.        ,  0.8023688 ,  0.7234926 , -0.7345418 , -0.        ],
       [-0.82472956, -0.        , -0.8680501 ,  0.        ,  0.        ,
        -0.        ,  0.        ,  0.        , -0.        , -0.        ],
       [ 0.        ,  0.        , -0.95861006,  0.        ,  0.        ,
         0.        ,  1.1093955 , -0.        , -0.        , -0.        ],
       [-0.95565754,  0.6453025 ,  0.89544934, -0.        , -0.        ,
         0.        ,  0.        ,  0.        ,  0.        , -0.        ],
       [ 0.        , -1.1784441 , -0.        , -0.        ,  0.82762533,
         0.        , -0.        , -0.        ,  0.        ,  0.77833223],
       [-0.        ,  0.89807516,  0.        ,  0.        , -0.        ,
        -0.        ,  0.        ,  1.118746  ,  0.        , -0.88248104],
       [-1.1217812 , -0.        , -0.        , -0.        , -0.        ,
         0.        , -0.9623471 ,  0.        , -0.8770516 ,  0.8979313 ],
       [-0.        ,  0.        , -0.        , -0.        ,  0.8693116 ,
         0.        ,  0.        , -0.9330085 , -0.        ,  0.        ],
       [ 0.        , -0.82393515, -0.8638667 , -0.        , -0.        ,
        -0.        , -0.        , -0.        ,  0.8727242 ,  0.        ],
       [ 0.        , -0.9057366 , -0.        , -0.8273614 ,  0.9152717 ,
        -0.        , -0.        ,  0.        , -0.        , -0.        ],
       [ 0.        , -0.7874746 , -0.        , -0.        , -0.        ,
        -0.        , -0.        ,  0.        ,  0.8548783 ,  0.        ],
       [ 0.        , -0.        ,  0.        , -0.        ,  0.        ,
         0.        , -0.        ,  1.0265151 , -1.0531353 , -0.69268954],
       [-0.        ,  0.        , -0.        , -0.8695712 ,  1.012368  ,
         0.        ,  0.        ,  0.        ,  0.        ,  1.2576507 ],
       [ 0.        , -1.072484  , -1.0448412 ,  0.844795  ,  0.        ,
        -0.        , -0.        , -0.        , -0.        , -0.        ],
       [-0.        , -0.82962424,  0.92601836, -0.        ,  0.        ,
        -0.9873884 , -0.        , -0.        ,  0.99721926,  0.        ],
       [ 0.8318932 , -0.        ,  0.        , -0.        , -0.        ,
        -0.        , -0.        ,  0.        , -0.5964064 , -0.        ],
       [ 0.85342115,  0.        , -0.        ,  0.        , -0.        ,
        -0.9090553 ,  1.0693171 , -0.        , -0.7442868 ,  0.        ],
       [ 0.83511585,  0.        , -0.        , -0.7643935 ,  0.        ,
         0.        ,  0.8557768 , -0.        , -0.        ,  0.        ],
       [ 0.78924346, -0.6928093 , -0.        , -0.        , -0.        ,
        -0.        ,  0.81145054,  0.        ,  0.        ,  0.        ],
       [-0.        ,  0.8643613 ,  0.        , -0.        , -0.        ,
         0.        ,  0.        ,  0.717123  ,  0.        , -0.7765793 ],
       [-0.        ,  1.2464931 , -0.866072  ,  0.        , -0.        ,
         0.        ,  0.        ,  0.        , -0.        , -0.        ],
       [ 0.        , -0.        ,  0.        ,  0.        ,  0.        ,
        -0.85939795, -1.249243  ,  0.        ,  0.        , -0.        ],
       [ 0.        ,  0.        , -0.        , -0.        ,  0.9038608 ,
         0.        , -0.        , -0.        ,  0.        ,  0.        ],
       [ 0.        ,  0.        ,  1.2321572 , -0.        ,  0.511844  ,
        -0.        , -0.        , -0.        , -0.        ,  0.        ],
       [-0.        , -0.        ,  0.        ,  0.        , -0.91986704,
        -0.        ,  0.        ,  0.        ,  0.        ,  1.075878  ],
       [ 0.96675515,  0.        , -0.        ,  0.        , -1.10833   ,
         0.        , -0.        ,  0.        ,  0.        ,  0.7947384 ],
       [-0.8133    , -0.7779672 ,  0.        , -0.        , -0.        ,
        -0.8475731 , -0.        , -0.        ,  0.        ,  0.        ],
       [ 0.        , -0.        , -0.96669847, -0.7913208 ,  0.        ,
        -0.        , -0.        ,  0.        , -0.        ,  0.9362578 ],
       [ 0.        , -0.        ,  0.76824343, -0.9521317 ,  0.        ,
         0.        , -0.        ,  0.88413453, -0.9019775 , -0.        ],
       [-0.9878754 , -0.        , -0.        ,  0.        , -0.        ,
         0.        ,  0.        , -0.        ,  0.7239418 , -0.8564647 ],
       [-0.        , -0.        ,  0.        , -0.        , -0.881806  ,
         0.        ,  0.        , -0.        ,  0.        ,  0.        ],
       [ 0.        ,  0.        , -0.        ,  0.        ,  0.        ,
         0.        , -0.        , -0.7270217 , -0.        ,  0.        ],
       [-0.        , -0.        ,  0.9340836 , -0.        , -1.1829983 ,
         0.        ,  0.        , -0.        ,  0.79879624,  0.        ],
       [ 0.        ,  0.        , -1.0584008 ,  0.        , -0.        ,
         0.72868276,  0.        , -0.        , -0.        ,  0.        ],
       [ 0.        , -0.        ,  1.1094987 , -0.        ,  0.        ,
        -1.1173371 , -0.        , -0.581167  ,  0.        ,  0.        ],
       [ 0.        ,  0.        , -0.        ,  0.        , -1.0208927 ,
         0.        , -0.7184035 ,  0.        ,  0.        , -0.        ],
       [ 0.        ,  0.        ,  0.        , -0.        , -0.        ,
         1.4088875 ,  1.0220095 , -0.        , -0.        ,  0.        ],
       [-0.        ,  1.5940559 , -0.        , -0.        ,  0.70777726,
         0.        ,  0.        ,  0.        ,  0.        ,  0.        ],
       [-0.        ,  0.        , -0.        , -0.87165374, -0.        ,
         0.        ,  0.        , -0.        , -0.        ,  0.        ],
       [-0.        , -0.        , -0.        ,  0.        ,  0.826628  ,
        -0.        , -0.7449384 , -0.97491676, -0.        ,  0.        ],
       [-0.        , -0.        ,  0.        , -0.        , -0.        ,
        -0.        ,  0.        ,  0.        , -0.        , -0.7737987 ],
       [ 0.        ,  0.        , -0.        ,  0.        , -0.84641474,
         0.98080635,  0.88581026, -0.        , -0.        ,  0.        ],
       [ 0.        ,  0.        , -0.86221844,  0.        ,  1.0461491 ,
         0.        , -0.        , -0.        , -0.        , -0.        ],
       [ 0.        ,  0.        ,  0.8202821 , -0.        ,  0.        ,
        -0.        , -0.        , -0.        ,  0.77359265, -1.0357466 ],
       [ 0.9799039 ,  0.        ,  0.        ,  0.        , -0.        ,
         0.        , -0.69614553,  0.        , -0.        , -0.        ],
       [ 0.        ,  0.        ,  1.030338  ,  0.        ,  0.        ,
         0.        , -0.        , -0.7191861 ,  0.        ,  0.        ],
       [ 0.        ,  0.        ,  0.        , -0.74855924, -0.        ,
        -0.69697756,  1.0237181 , -0.        ,  0.811684  ,  0.        ],
       [-0.        ,  0.        ,  0.90996045,  0.        , -0.        ,
        -0.        ,  0.        , -0.8805395 , -0.        ,  0.6673059 ],
       [-0.        ,  0.        , -0.        ,  0.        , -0.        ,
         1.1621523 ,  0.        , -0.        , -0.        ,  0.        ],
       [-0.        , -0.        , -0.        , -0.        , -1.0036103 ,
         0.        ,  0.        ,  0.        ,  0.658176  ,  1.0400001 ],
       [ 0.7431825 , -0.        ,  0.        ,  0.        , -0.        ,
        -0.        ,  0.        ,  1.1297945 ,  0.        , -0.98716575],
       [-0.        ,  0.7339236 , -0.        , -0.7342682 ,  0.        ,
         0.        ,  1.2077669 , -0.7580392 , -0.        ,  0.        ],
       [-0.        , -0.        , -0.        ,  0.        , -0.        ,
         0.9871076 ,  0.        , -1.0877187 ,  0.        ,  0.        ],
       [ 1.3090732 ,  0.        ,  0.        ,  0.        , -0.        ,
         0.        , -0.7309956 , -0.        , -0.        , -0.        ],
       [-0.        ,  0.        ,  0.        ,  0.81148285,  0.        ,
        -1.0757278 , -0.96341693, -0.        , -0.76596636, -0.        ],
       [ 0.        ,  0.        , -0.        ,  0.        ,  0.        ,
        -0.        , -0.        ,  0.        , -0.        ,  0.58987737],
       [ 1.5408272 ,  0.        , -0.        , -0.        ,  0.        ,
         0.        ,  1.4476972 , -0.        , -0.        ,  0.        ],
       [ 0.        ,  0.        ,  0.        , -1.0535301 ,  0.        ,
        -0.84148675, -0.        , -0.        ,  0.961377  , -0.        ],
       [ 0.9282022 , -0.        ,  0.8686763 ,  0.        , -0.        ,
        -0.        ,  0.        ,  0.        , -0.9836918 ,  0.        ],
       [-0.        , -1.0450523 , -0.        ,  0.        , -1.0795966 ,
        -0.        ,  0.        ,  0.        ,  0.72858906,  0.        ],
       [-0.        ,  0.941913  ,  0.        , -0.        ,  0.9494651 ,
        -0.8050889 ,  0.        , -0.        ,  0.        ,  0.        ],
       [-0.        , -0.        , -0.        , -0.        , -0.        ,
        -0.8426531 , -0.        ,  0.9014883 , -0.        , -0.        ],
       [-0.        ,  0.        , -0.        ,  0.        , -0.        ,
        -0.70598847,  0.        , -0.        ,  0.93917567,  0.        ],
       [-1.0309392 , -0.        , -0.        ,  1.0858526 ,  0.        ,
         0.        ,  0.7312408 , -0.        ,  0.        , -1.0466269 ],
       [-0.        ,  0.        , -0.        ,  0.        ,  0.        ,
         0.9018437 , -0.7242352 ,  0.        , -0.        , -0.        ],
       [ 0.        ,  0.        ,  0.        ,  0.82288426,  0.        ,
        -0.        ,  0.8151406 , -0.        ,  0.        ,  0.        ],
       [ 0.        ,  0.        , -0.6602951 ,  0.        ,  0.        ,
        -0.8314252 , -0.        , -0.        ,  0.        , -0.        ],
       [-0.        , -0.        ,  0.        ,  0.86738765, -0.        ,
        -0.91094494,  0.        ,  0.        ,  0.        , -0.        ],
       [ 0.        ,  0.        ,  0.        , -0.8779003 ,  0.        ,
         0.        , -0.        , -0.        ,  0.8974745 ,  0.        ],
       [ 0.        , -1.0322646 ,  0.        ,  0.9293096 ,  0.        ,
        -0.        , -0.        , -0.        , -0.        , -0.        ],
       [ 0.        ,  0.        , -1.148136  ,  0.        ,  0.        ,
         0.        , -0.        , -0.7237253 , -0.        ,  0.8752224 ],
       [ 0.        , -0.        , -0.        , -0.        , -0.        ,
        -0.        , -0.        , -1.124135  ,  0.7400624 ,  0.        ],
       [ 0.79760903, -0.        ,  0.7878448 ,  0.        , -0.        ,
        -0.        ,  0.        ,  0.        , -0.        , -0.816278  ],
       [-0.        , -0.80831283, -0.        ,  0.        , -1.0541935 ,
        -0.        ,  0.        ,  0.        ,  0.        ,  1.082614  ],
       [ 0.        , -0.        ,  0.812994  , -0.        ,  0.        ,
         0.69053805, -0.        ,  0.        , -0.        ,  0.        ],
       [-0.        , -0.        , -0.        ,  0.        , -1.1612222 ,
        -0.        , -0.70755523,  0.        ,  0.        ,  0.91013217],
       [ 1.1533468 , -0.        , -0.        , -0.        , -0.        ,
         0.        ,  0.        ,  0.        ,  0.        ,  1.0171    ],
       [-0.9418048 , -0.        , -0.77878606,  0.        ,  0.        ,
        -0.        , -0.8617135 ,  0.        , -0.        , -0.        ],
       [-0.        ,  1.1379423 , -0.        , -0.        ,  0.8746675 ,
        -0.        ,  0.        , -0.        , -0.        ,  0.        ],
       [ 0.        ,  0.        ,  0.96284443, -0.        ,  0.        ,
         0.        , -0.        , -0.        ,  0.        ,  0.        ],
       [-0.        ,  0.        , -0.        ,  1.135251  , -0.        ,
        -0.        ,  0.        , -1.065799  ,  0.        ,  0.        ]],
      dtype=float32)
 array([ 0.06531134,  0.26899582,  0.12951553, -0.10539896, -0.05201233,
        0.13884287, -0.03503012,  0.12193309, -0.33874896, -0.13095778],
      dtype=float32)]