FC Layer, 300 (Glorot Init.) Original_Weights[array([[ 0.,  0.,  0., ..., -0.,  0.,  0.],
       [ 0., -0., -0., ..., -0.,  0., -0.],
       [ 0.,  0., -0., ..., -0., -0., -0.],
       ...,
       [ 0.,  0., -0., ...,  0.,  0.,  0.],
       [ 0., -0., -0., ...,  0.,  0., -0.],
       [-0., -0., -0., ..., -0., -0., -0.]], dtype=float32)
 array([-1.55684669e-02,  8.21563080e-02,  1.48249134e-01,  1.39768645e-01,
        7.28194043e-03, -1.20474800e-01,  8.25213194e-02,  1.34718210e-01,
        1.55091928e-02,  1.89171746e-01, -3.57677862e-02, -1.26621738e-01,
        7.57095069e-02, -5.28623536e-02, -1.14082605e-01,  6.27445206e-02,
        1.30826652e-01,  8.08796585e-02,  3.92442793e-02,  8.88463557e-02,
       -8.62408504e-02, -8.39779675e-02, -3.21667083e-02, -6.12215102e-02,
        1.53898418e-01, -2.19985959e-03, -1.26739174e-01, -7.07747713e-02,
       -9.97258071e-03,  1.43825889e-01,  1.34773165e-01,  9.76324081e-02,
       -5.45176640e-02, -4.94179465e-02, -6.13808781e-02,  1.01152711e-01,
        0.00000000e+00, -1.06489539e-01, -8.73994431e-04, -2.85788119e-01,
        1.34093180e-01,  6.97878599e-02, -4.14667279e-03, -4.18571457e-02,
       -6.27044365e-02, -9.31263785e-04, -2.06939559e-02, -1.52480463e-02,
       -3.86057794e-02,  9.76649746e-02, -2.66613245e-01, -4.32716012e-02,
        1.69532653e-02, -4.63434123e-02, -9.86660346e-02,  1.81493238e-01,
        1.37862816e-01, -7.34951347e-02,  1.03791766e-01,  6.58858865e-02,
       -5.16149104e-02,  1.16741592e-02, -1.07877381e-01,  1.46463916e-01,
       -1.20661318e-01, -1.36666717e-02,  1.45791043e-02, -8.37509185e-02,
        1.01556979e-01,  4.06393297e-02, -9.06564146e-02,  9.54445172e-03,
        8.57398733e-02,  2.08745915e-02,  8.38824213e-02,  1.49461150e-01,
       -1.08337149e-01, -4.16944958e-02,  1.70990691e-01,  1.47211656e-01,
       -1.52606713e-02,  3.37680317e-02,  2.35539138e-01,  1.20181158e-01,
       -1.14942193e-01,  1.21160448e-01,  1.93536893e-01, -3.97001915e-02,
        2.38218717e-02, -1.69395149e-01,  1.18943118e-01, -1.02996580e-01,
       -8.91695023e-02,  1.56148672e-01,  5.98590076e-02, -1.61139265e-01,
       -9.72679183e-02,  7.78849050e-02, -3.80329136e-03,  2.25176308e-02,
       -1.51733935e-01, -7.08936602e-02, -6.02456294e-02, -1.40705138e-01,
        4.94573414e-02, -3.80100273e-02, -6.18807487e-02,  6.63578436e-02,
       -7.95959085e-02, -3.89120192e-03, -6.11503161e-02,  2.70339269e-02,
       -3.23686637e-02,  4.71705850e-03,  4.34123985e-02,  2.49412600e-02,
       -1.12813771e-01,  3.13069602e-03,  2.22271262e-03,  9.72739980e-02,
        6.31905720e-02, -1.00116730e-01, -2.02912893e-02,  1.82086736e-01,
        2.54440904e-02,  1.90380305e-01, -1.36573553e-01,  1.02746442e-01,
       -1.82899714e-01, -7.27200806e-02,  3.52624692e-02, -1.68223903e-02,
       -5.83793521e-02,  6.59832060e-02,  2.02657767e-02, -1.62526090e-02,
       -3.00907418e-02,  2.44201630e-01,  2.90632118e-02, -6.44306615e-02,
       -1.18980117e-01, -7.72358701e-02, -2.64104865e-02,  7.88350180e-02,
        4.29904535e-02,  4.93837055e-03, -1.42775837e-03, -2.04134002e-01,
        6.03739507e-02, -2.02842019e-02, -1.55264502e-02,  2.20945291e-02,
        1.44018559e-02,  1.94461972e-01, -1.39470160e-01,  1.62871018e-01,
       -1.75453126e-02, -1.19154705e-02, -9.77070332e-02, -4.69757728e-02,
       -1.68723658e-01, -1.30618274e-01, -3.39839198e-02,  8.34361389e-02,
       -1.05718046e-01, -2.02935621e-01, -2.19730521e-03,  4.39760573e-02,
       -5.91890961e-02, -4.06628847e-02, -1.39616176e-01,  5.09906299e-02,
       -1.23000689e-01, -1.51320294e-01,  1.37175962e-01,  8.22636783e-02,
       -5.42595014e-02, -1.21295571e-01, -2.81745754e-02,  5.36991581e-02,
        3.78138423e-02,  1.19774848e-01, -2.59871744e-02,  1.83115043e-02,
       -4.23237309e-02, -3.54981013e-02,  4.05279100e-02, -1.35685131e-01,
        1.61938965e-01, -1.38216406e-01, -1.99626740e-02, -5.77462614e-02,
        2.18980938e-01,  1.40005583e-02, -8.66540894e-02, -2.00328287e-02,
       -1.92399055e-03,  1.69395097e-02,  2.08197206e-01,  6.55394867e-02,
        2.54593659e-02, -1.20288447e-01, -8.13976116e-03,  2.75319546e-01,
       -8.25790837e-02,  9.91704315e-03,  6.95225671e-02, -7.43653104e-02,
        5.93639538e-02,  5.64093664e-02, -1.55157447e-01,  1.17921539e-01,
        5.44280857e-02, -1.53747320e-01, -7.62798116e-02,  4.18281555e-02,
       -4.00326625e-02, -9.52852610e-03, -1.94198452e-02, -5.65854236e-02,
        3.61152105e-02,  9.75354388e-02, -5.34276068e-02,  6.98784813e-02,
        4.07488085e-02, -1.86693994e-03,  7.37664476e-02, -7.02151936e-03,
       -4.48809415e-02,  4.15158272e-02, -6.02881238e-02,  2.67829485e-02,
        1.41940527e-02,  5.83972894e-02,  8.22815746e-02, -1.49945185e-01,
        1.61560997e-01, -1.95534363e-01, -1.20890558e-01,  7.17388839e-02,
       -1.10987715e-01,  6.55745491e-02,  1.03988342e-01, -1.58082828e-01,
        1.17250504e-02,  8.96372199e-02,  1.36782467e-01, -1.29866540e-01,
       -4.23049368e-02,  7.44477138e-02,  2.11335987e-01,  2.40115803e-02,
       -1.36737689e-01,  3.47138047e-02,  3.20692360e-02,  2.67631374e-04,
        1.10710509e-01,  1.58144325e-01, -2.69927327e-02, -5.64545318e-02,
       -6.90750703e-02, -5.63288443e-02,  1.64016679e-01, -1.82370216e-01,
        4.95047309e-03,  5.42995222e-02, -8.18576366e-02,  1.10601010e-02,
       -8.99639577e-02,  8.35293680e-02, -1.75550446e-01,  3.00750462e-03,
        9.19655487e-02, -1.78724498e-01, -9.43373591e-02, -4.27587293e-02,
        3.30417417e-03,  2.06711646e-02,  8.17787368e-03, -9.00242850e-02,
       -2.70142518e-02,  1.64524987e-02,  1.19350821e-01, -8.22504759e-02,
        8.04349855e-02, -1.43204719e-01,  3.22891548e-02, -7.14575201e-02,
        2.45196342e-01,  2.19515249e-01, -5.88709489e-02,  6.44482523e-02,
       -3.28415371e-02,  2.02533100e-02,  1.87064230e-01,  7.68215656e-02,
        7.22645670e-02, -7.56051317e-02, -5.33393510e-02, -3.30279879e-02],
      dtype=float32)]FC Layer, 100 (Glorot Init.) Original_Weights[array([[ 0.        ,  0.        ,  0.        , ..., -0.        ,
        -0.        ,  0.        ],
       [-0.        ,  0.        ,  0.        , ..., -0.        ,
        -0.        , -0.47946823],
       [ 0.        ,  0.        ,  0.        , ..., -0.        ,
        -0.        ,  0.        ],
       ...,
       [ 0.22998911, -0.        , -0.        , ...,  0.37297755,
         0.        , -0.        ],
       [ 0.        ,  0.25239646,  0.        , ..., -0.        ,
        -0.        ,  0.        ],
       [-0.        ,  0.        ,  0.3573792 , ..., -0.        ,
         0.        ,  0.        ]], dtype=float32)
 array([-0.05640495, -0.01321317,  0.1088123 , -0.01625875, -0.04637307,
        0.23742172,  0.01240421,  0.11838964, -0.21710147,  0.09153256,
       -0.04887998, -0.1541953 ,  0.18525845,  0.12575509, -0.14305206,
        0.00433249,  0.00689013, -0.10480245,  0.25545758,  0.19214934,
       -0.04624408,  0.18818723,  0.11785089, -0.15321362,  0.16624466,
        0.18762405, -0.0870287 , -0.14215724, -0.10381368, -0.10592968,
        0.16161053,  0.04022142, -0.0991653 , -0.1328688 , -0.03308089,
       -0.06214753,  0.05452575, -0.2467873 ,  0.05352833,  0.01617384,
       -0.16494115, -0.04225444, -0.07358861,  0.04748372, -0.07773545,
       -0.1840958 , -0.10181586,  0.18920814, -0.00319658, -0.00894815,
       -0.0613641 , -0.03174851,  0.1611033 , -0.09502324,  0.06817922,
        0.14852767,  0.00177251, -0.01140835, -0.08450948,  0.02632847,
        0.21530429, -0.11508549,  0.03859933, -0.25006774, -0.1952833 ,
       -0.08569238, -0.01075996,  0.16724591, -0.08528107, -0.0221794 ,
       -0.05238282,  0.03626969, -0.01628338, -0.07014365, -0.11757506,
       -0.2123118 , -0.12663315,  0.10473663, -0.22839592, -0.04889651,
        0.04771129, -0.17122763,  0.11954398,  0.04723103,  0.00493866,
       -0.20360923, -0.01983811, -0.05215736, -0.13387866, -0.01338747,
       -0.13865373, -0.0992842 , -0.05873673,  0.12260164,  0.00401482,
       -0.08814295,  0.01230385,  0.14462252,  0.0615323 , -0.07523744],
      dtype=float32)]FC Layer, 10 (Softmax) Original_Weights[array([[ 0.699754  ,  0.        , -0.7837943 , -0.        , -0.82656926,
        -0.        ,  0.        ,  0.        ,  0.        ,  0.77410537],
       [ 0.        ,  0.        , -0.8396603 , -0.6762212 , -0.        ,
         0.82029617,  0.        , -0.        ,  0.        ,  0.        ],
       [ 0.        ,  0.        ,  0.        , -0.        ,  0.85179585,
        -0.        ,  0.        ,  0.91777056, -0.75484747,  0.        ],
       [-0.        ,  0.        ,  1.1434442 , -0.75900865,  0.        ,
        -0.7914536 , -0.        ,  0.6294421 ,  0.        ,  0.        ],
       [-0.        , -0.        ,  0.        , -0.79779863,  0.        ,
        -0.        ,  0.        , -0.        ,  0.        ,  0.8400104 ],
       [ 0.        ,  0.75227183, -0.        ,  0.        , -0.        ,
         0.9628069 , -1.181905  ,  0.        , -0.        ,  0.        ],
       [ 0.        , -0.        ,  0.        , -1.1133183 ,  0.        ,
         0.9491088 , -0.        , -1.0045087 , -0.        ,  0.        ],
       [-0.64700234, -0.        , -0.        ,  0.        ,  0.        ,
         0.        , -0.        , -1.1178013 , -0.        ,  0.        ],
       [ 0.        , -0.8746712 , -1.1292287 ,  0.9876832 , -0.        ,
         0.        ,  0.8092004 , -0.79905844,  0.7909326 , -0.        ],
       [ 0.96189296,  0.9850257 ,  0.        , -0.        ,  0.        ,
        -0.        ,  1.3129628 , -0.        ,  0.        , -0.        ],
       [ 0.        , -0.        ,  0.        ,  0.        , -0.        ,
        -0.9744585 , -1.3139198 ,  0.        , -0.        ,  0.        ],
       [-0.        , -0.8734879 , -0.        ,  0.        , -0.        ,
         0.        , -0.        , -0.        ,  0.        , -0.        ],
       [-0.9377877 , -0.        , -0.        ,  0.        , -0.        ,
         0.9861463 , -0.        ,  0.        , -1.2518315 ,  0.        ],
       [ 0.        ,  0.        ,  0.9174201 ,  1.0511951 , -0.        ,
        -0.        , -0.76102704,  0.7395733 , -1.1171056 , -0.        ],
       [-0.        , -0.69427365,  0.9403866 , -0.        ,  1.03537   ,
        -0.        ,  0.        ,  0.        , -0.        ,  0.        ],
       [-0.        , -0.7847267 ,  0.7932076 ,  0.        ,  0.        ,
        -1.0763243 , -0.        ,  0.        , -0.        ,  0.        ],
       [ 0.        , -0.        ,  0.        , -0.9327438 , -0.        ,
        -0.8272545 ,  0.        ,  0.        ,  0.        ,  0.        ],
       [-0.        , -0.        , -0.        ,  0.8031983 , -1.0174927 ,
        -0.9999325 ,  0.        ,  0.        , -0.        ,  0.9256782 ],
       [-0.7004941 ,  0.        ,  0.        , -0.        ,  0.        ,
        -0.        , -0.        ,  0.76449424, -1.0480632 ,  0.        ],
       [ 0.7765466 , -0.        ,  0.        , -0.        ,  0.        ,
         0.        ,  0.8136156 ,  0.8256608 , -0.8832426 , -0.        ],
       [-0.7825203 , -0.        , -1.0055209 ,  0.        , -0.        ,
        -0.        ,  0.        ,  0.        , -0.        ,  0.        ],
       [-0.        ,  0.6731547 , -0.8831569 , -0.        ,  0.        ,
         0.        ,  1.0743147 ,  0.        , -0.        ,  0.        ],
       [-1.1382273 ,  0.6657067 ,  0.8044373 , -0.        , -0.        ,
         0.        ,  0.        ,  0.        ,  0.        , -0.6616493 ],
       [-0.        , -1.0518757 , -0.        , -0.        ,  0.794554  ,
        -0.        , -0.        , -0.        ,  0.        ,  0.72969586],
       [ 0.        ,  0.82981694, -0.        ,  0.        , -0.        ,
        -0.        ,  0.        ,  1.0338701 , -0.        , -0.7412698 ],
       [-1.2168875 ,  0.        , -0.        ,  0.        , -0.        ,
        -0.        , -1.0596467 , -0.        , -1.0447959 ,  0.7273783 ],
       [-0.        , -0.        ,  0.        , -0.72589916,  0.7645563 ,
         0.        , -0.        , -1.0764377 ,  0.        ,  0.        ],
       [ 0.        , -0.84207696, -0.81691027,  0.7604203 , -0.        ,
         0.        , -0.        ,  0.        ,  0.9636347 ,  0.        ],
       [ 0.5947697 , -0.766089  ,  0.        , -0.9544369 ,  0.87335145,
         0.        , -0.        , -0.        ,  0.        ,  0.        ],
       [ 0.        , -0.9248023 , -0.        ,  0.        , -0.        ,
         0.        ,  0.        ,  0.        ,  0.83826065,  0.        ],
       [ 0.        ,  0.        , -0.        , -0.        , -0.        ,
        -0.        ,  0.        ,  1.4810028 , -0.8099682 , -0.67025155],
       [-0.74847585,  0.        ,  0.        , -0.66192585,  1.0533607 ,
        -0.        ,  0.        , -0.        , -0.58985025,  1.2299082 ],
       [-0.        , -0.88504905, -0.9228101 ,  0.79730177,  0.        ,
         0.        , -0.        ,  0.        , -0.        ,  0.        ],
       [ 0.        , -0.87206835,  0.76098377, -0.        , -0.        ,
        -0.9898395 ,  0.        ,  0.        ,  0.73218286,  0.        ],
       [ 0.7821068 , -0.        , -0.        ,  0.        ,  0.        ,
        -0.73767245, -0.        ,  0.        , -0.75614256, -0.        ],
       [ 0.8628963 ,  0.        , -0.        , -0.        ,  0.        ,
        -0.8369444 ,  1.194825  , -0.        , -0.7306761 , -0.        ],
       [ 0.8695173 ,  0.        , -0.70008916, -0.80031884,  0.        ,
         0.        ,  0.78207916,  0.        , -0.        , -0.        ],
       [ 0.8737717 , -0.68947977, -0.        ,  0.        , -0.        ,
        -0.        ,  0.93303657, -0.6245117 ,  0.        , -0.        ],
       [ 0.        ,  0.89958185,  0.        , -0.        , -0.        ,
         0.        ,  0.        ,  0.8803722 ,  0.        , -0.6690736 ],
       [ 0.        ,  1.1086    , -0.8592541 ,  0.5906663 , -0.        ,
        -0.        ,  0.        , -0.        ,  0.        , -0.        ],
       [-0.        , -0.        , -0.        ,  0.        ,  0.        ,
        -0.9311642 , -1.3187336 ,  0.        ,  0.        ,  0.        ],
       [ 0.        ,  0.        , -0.688206  , -0.        ,  0.8290373 ,
        -0.        ,  0.        , -0.        ,  0.        ,  0.        ],
       [-0.        ,  0.        ,  0.9561125 , -0.        ,  0.9434141 ,
         0.        , -0.        , -0.        ,  0.        , -0.        ],
       [ 0.        ,  0.        ,  0.        , -0.        , -0.9206801 ,
        -0.        ,  0.        , -0.        , -0.74594516,  1.2000138 ],
       [ 0.9878511 , -0.        ,  0.        , -0.        , -1.2750853 ,
         0.        , -0.        ,  0.        , -0.        ,  1.0515705 ],
       [-0.8556024 , -0.727549  ,  0.        , -0.        ,  0.        ,
        -0.7527985 , -0.        ,  0.        ,  0.        ,  0.        ],
       [ 0.        ,  0.        , -0.7515961 , -0.6889574 , -0.        ,
        -0.        ,  0.        , -0.        , -0.        ,  0.9982145 ],
       [-0.        , -0.        ,  0.94511884, -0.7951888 ,  0.        ,
        -0.        , -0.        ,  0.97562623, -0.9686411 , -0.        ],
       [-1.0548712 ,  0.5530394 ,  0.        ,  0.        , -0.        ,
         0.        ,  0.        ,  0.        ,  0.8476897 , -0.73962754],
       [ 0.        ,  0.53413427,  0.        ,  0.        , -0.9417315 ,
         0.        ,  0.        , -0.        ,  0.69201976, -0.        ],
       [ 0.        , -0.        , -0.        , -0.76593435, -0.        ,
         0.        , -0.        , -0.842555  , -0.        , -0.        ],
       [-0.        ,  0.        ,  0.9211971 , -0.        , -1.0148124 ,
         0.        , -0.        ,  0.        ,  0.76909804, -0.        ],
       [ 0.        ,  0.        , -0.97993606, -0.        , -0.        ,
         0.90196186,  0.6958883 , -0.        , -0.63008857, -0.        ],
       [-0.        , -0.        ,  1.0176286 ,  0.        ,  0.        ,
        -0.9072972 ,  0.        , -0.765997  ,  0.        ,  0.        ],
       [-0.        , -0.        ,  0.        , -0.        , -0.97693133,
         0.        , -0.76575696,  0.        ,  0.        , -0.        ],
       [-0.        ,  0.        , -0.        ,  0.        , -0.        ,
         1.3735836 ,  1.0558661 , -0.        , -0.        , -0.        ],
       [ 0.        ,  1.2046329 ,  0.        , -0.        ,  0.6259362 ,
        -0.        ,  0.        , -0.        ,  0.        ,  0.        ],
       [-0.        , -0.61777705,  0.        , -0.843526  ,  0.        ,
         0.        , -0.        , -0.        ,  0.        , -0.        ],
       [-0.        , -0.        , -0.        ,  0.        ,  0.6672902 ,
         0.        , -0.8532779 , -1.0544143 , -0.        ,  0.        ],
       [ 0.        , -0.        ,  0.        , -0.        , -0.        ,
        -0.        ,  0.        , -0.        ,  0.        , -0.8632271 ],
       [ 0.        ,  0.        ,  0.        ,  0.        , -0.8523616 ,
         0.9425614 ,  0.7253552 ,  0.        , -0.        , -0.        ],
       [-0.        , -0.        , -0.7774602 , -0.        ,  0.7777562 ,
         0.        , -0.        ,  0.59457517, -0.        ,  0.        ],
       [-0.        , -0.        ,  0.94091463,  0.        ,  0.        ,
         0.        , -0.        ,  0.        ,  0.98006946, -1.1128684 ],
       [ 0.94871026, -0.6505254 , -0.        , -0.        ,  0.67992324,
         0.        , -0.8934984 ,  0.        , -0.        ,  0.56964153],
       [ 0.        , -0.7466103 ,  1.362065  , -0.        , -0.        ,
        -0.        ,  0.        , -0.7040134 ,  0.        , -0.        ],
       [ 0.        , -0.        ,  0.        , -0.72318935,  0.        ,
        -0.6663124 ,  1.169635  ,  0.        ,  0.69419986, -0.        ],
       [-0.        , -0.        ,  0.8152825 ,  0.        ,  0.        ,
        -0.        , -0.        , -0.87756103, -0.        ,  0.8755467 ],
       [ 0.        ,  0.        ,  0.        , -0.        , -0.        ,
         1.0402523 ,  0.        , -0.        ,  0.        , -0.        ],
       [ 0.        ,  0.        ,  0.        , -0.5917476 , -0.78793055,
         0.        ,  0.        ,  0.        ,  0.6662242 ,  1.2175949 ],
       [ 0.65462846, -0.        , -0.        ,  0.        , -0.        ,
         0.        ,  0.        ,  1.0707175 , -0.        , -0.9419382 ],
       [ 0.        ,  1.0068135 ,  0.        , -0.6727501 , -0.        ,
        -0.6930425 ,  1.5480988 , -0.7137972 ,  0.        , -0.        ],
       [ 0.        , -0.        , -0.5904787 ,  0.        , -0.        ,
         0.99963653, -0.        , -0.83441734, -0.        , -0.        ],
       [ 1.2811172 ,  0.        ,  0.        , -0.67847204,  0.        ,
        -0.        , -0.824275  ,  0.        ,  0.        , -0.        ],
       [ 0.973092  , -0.        ,  0.        ,  1.0549034 , -0.        ,
        -0.8844439 , -1.1560365 , -0.        , -0.722455  ,  0.        ],
       [ 0.6019176 , -0.        , -0.8133827 ,  0.        ,  0.6113983 ,
        -0.6632836 , -0.        ,  0.        , -0.        ,  0.68717355],
       [ 1.4253665 ,  0.        , -0.69147223, -0.        ,  0.        ,
         0.        ,  1.483688  , -0.        ,  0.        , -0.        ],
       [-0.        , -0.        , -0.63278085, -0.90669996,  0.        ,
        -0.73563206,  0.63117856,  0.620045  ,  0.9354701 ,  0.        ],
       [ 0.9239952 ,  0.        ,  0.6934208 , -0.        , -0.        ,
        -0.        ,  0.        , -0.        , -0.95356596, -0.        ],
       [ 0.        , -1.1477891 , -0.        ,  0.        , -1.136339  ,
        -0.        ,  0.        , -0.        ,  0.7932439 ,  0.        ],
       [-0.        ,  1.0951303 , -0.        ,  0.        ,  0.99568206,
        -1.0525295 , -0.        , -0.        ,  0.        ,  0.        ],
       [ 0.        ,  0.        ,  0.        , -0.        , -0.        ,
        -1.0911201 ,  0.        ,  0.9353077 ,  0.        ,  0.        ],
       [-0.        ,  0.        ,  0.        , -0.        , -0.65676105,
        -1.1088723 ,  0.        , -0.7018075 ,  0.9392915 , -0.        ],
       [-1.1340303 , -0.        , -0.        ,  1.0269722 ,  0.        ,
         0.        ,  0.73287123,  0.        , -0.        , -1.0603015 ],
       [-0.        ,  0.66383713,  0.        , -0.70240635,  0.        ,
         0.7189574 , -0.72388196,  0.        ,  0.        , -0.        ],
       [-0.        ,  0.        , -0.        ,  0.67905337, -0.        ,
         0.        ,  0.8122899 ,  0.        ,  0.        , -0.        ],
       [-0.        , -0.6361894 , -0.6829451 ,  0.        ,  0.5913656 ,
        -0.8195088 , -0.        ,  0.        ,  0.        ,  0.        ],
       [ 0.        ,  0.6771686 ,  0.        ,  0.97632635, -0.        ,
        -1.0973995 ,  0.        , -0.        ,  0.        ,  0.        ],
       [-0.        , -0.        , -0.        , -0.8411603 ,  0.        ,
         0.        , -0.        ,  0.        ,  0.69529414,  0.        ],
       [-0.57145816, -1.0142969 , -0.        ,  0.6590825 , -0.        ,
        -0.        ,  0.        ,  0.        ,  0.        ,  0.        ],
       [-0.69431335,  0.        , -1.0617429 , -0.        ,  0.        ,
         0.        , -0.        , -1.1504709 , -0.        ,  0.87973225],
       [-0.        , -0.        , -0.        ,  0.        ,  0.        ,
         0.        , -0.        , -0.8763952 ,  0.8363763 , -0.66391116],
       [ 0.78198695, -0.        ,  0.8681952 , -0.        , -0.        ,
        -0.        ,  0.        , -0.        ,  0.        , -0.6806255 ],
       [ 0.        , -0.7196418 ,  0.        , -0.        , -1.0143974 ,
        -0.        ,  0.        ,  0.60345334, -0.        ,  1.0836698 ],
       [-0.        , -0.        ,  0.96923393,  0.        ,  0.        ,
         0.7528655 , -0.        , -0.69410205, -0.        ,  0.        ],
       [ 0.        , -0.        , -0.        ,  0.        , -1.0793394 ,
         0.        , -0.994726  , -0.        , -0.        ,  0.9705215 ],
       [ 0.7824919 ,  0.        ,  0.        , -0.        , -0.        ,
        -0.        ,  0.        , -0.        ,  0.        ,  0.9264722 ],
       [-0.66248786, -0.        , -0.9138011 ,  0.        , -0.        ,
        -0.        , -0.8580644 ,  0.        , -0.        ,  0.        ],
       [ 0.        ,  1.2808468 ,  0.        , -0.        ,  0.84498984,
        -0.        ,  0.        , -0.        ,  0.        ,  0.        ],
       [-0.        ,  0.        ,  1.1550692 ,  0.        ,  0.        ,
         0.        , -0.        , -0.6557031 ,  0.        , -0.        ],
       [-0.        ,  0.        , -0.        ,  1.2230016 , -0.        ,
        -0.        ,  0.        , -1.1613358 ,  0.        ,  0.        ]],
      dtype=float32)
 array([-0.08810225,  0.3175809 ,  0.09499934, -0.05619444, -0.02436555,
        0.20479226, -0.06215411,  0.14915074, -0.40291017, -0.1265848 ],
      dtype=float32)]