FC Layer, 300 (Glorot Init.) Original_Weights[array([[ 0.,  0.,  0., ..., -0.,  0.,  0.],
       [ 0., -0., -0., ..., -0.,  0., -0.],
       [ 0.,  0., -0., ..., -0., -0., -0.],
       ...,
       [ 0.,  0., -0., ...,  0.,  0.,  0.],
       [ 0., -0., -0., ...,  0.,  0., -0.],
       [-0., -0., -0., ..., -0., -0., -0.]], dtype=float32)
 array([ 9.43516474e-03,  6.42854571e-02,  1.16770767e-01,  1.45392746e-01,
        2.33664792e-02, -8.11470896e-02,  9.49351341e-02,  1.30514428e-01,
        1.55564472e-02,  1.42015263e-01, -2.20040139e-02, -8.28679875e-02,
        9.60305110e-02, -7.06218109e-02, -9.06231850e-02,  7.22646564e-02,
        9.37715620e-02,  9.86788794e-02,  7.22109303e-02,  9.53856781e-02,
       -6.19765334e-02, -5.40277101e-02, -2.52777766e-02, -6.53902143e-02,
        1.68952480e-01,  2.47771237e-02, -1.22773483e-01, -5.58167137e-02,
       -2.50136689e-03,  1.38632417e-01,  1.05877027e-01,  9.38073471e-02,
       -3.95004228e-02, -7.40493611e-02, -9.66729969e-02,  9.66972932e-02,
        0.00000000e+00, -1.03718430e-01,  1.83707047e-02, -2.48808354e-01,
        1.36357710e-01,  7.97943622e-02,  7.42824795e-03, -2.76078247e-02,
       -4.11894396e-02, -3.02100740e-02, -6.37363456e-03, -1.10254502e-02,
       -7.47566074e-02,  8.81545022e-02, -2.42874697e-01, -5.88181578e-02,
       -9.45025496e-03, -4.08701226e-02, -7.97456726e-02,  1.65857583e-01,
        1.01924300e-01, -9.06928405e-02,  8.74839425e-02,  6.98550344e-02,
       -4.03251201e-02,  1.03274314e-02, -1.14309847e-01,  1.25195593e-01,
       -8.20746869e-02, -5.11185452e-02, -6.39737525e-04, -8.88516903e-02,
        9.29947793e-02,  4.51959893e-02, -7.98709244e-02, -1.89156346e-02,
        2.18663476e-02,  3.33503112e-02,  6.95178732e-02,  1.15205884e-01,
       -7.13544786e-02, -3.59032266e-02,  1.28721938e-01,  1.27133355e-01,
       -3.80725861e-02,  3.27680483e-02,  2.03064203e-01,  1.23966672e-01,
       -8.67264196e-02,  1.28714815e-01,  1.22409351e-01, -5.51101454e-02,
        2.10294109e-02, -1.55856714e-01,  8.18566084e-02, -6.38466775e-02,
       -6.20308034e-02,  1.51174501e-01,  4.09562588e-02, -1.98202878e-01,
       -8.67651775e-02,  1.11568764e-01, -1.54197426e-03,  1.57028046e-02,
       -1.67417929e-01, -3.09654698e-02, -4.79831025e-02, -8.59322622e-02,
        7.73465186e-02, -2.41316520e-02, -5.59757352e-02,  1.00705452e-01,
       -6.71163872e-02,  1.05465474e-02, -8.69906545e-02,  1.78355761e-02,
       -2.19143275e-02,  8.99739843e-03,  6.21313825e-02,  1.63762961e-02,
       -9.67032835e-02, -2.34915521e-02,  3.21927364e-03,  4.18222547e-02,
        4.58803102e-02, -1.13233089e-01, -2.25644503e-02,  1.54733524e-01,
        1.94484685e-02,  2.00754881e-01, -1.26936123e-01,  7.76363015e-02,
       -1.56137362e-01, -2.94911843e-02,  3.53128836e-02, -1.49685061e-02,
       -2.81495880e-02,  8.52202997e-02,  3.44666466e-02, -2.44001355e-02,
       -4.55409475e-02,  1.80813000e-01,  3.38019989e-02, -6.63817450e-02,
       -1.08377822e-01, -7.73988217e-02, -5.30461185e-02,  7.61845633e-02,
        3.10937036e-02, -1.41019225e-02,  6.77506113e-03, -1.51945040e-01,
        5.85647337e-02, -4.52537872e-02,  3.78058432e-03,  2.63652802e-02,
        3.19101438e-02,  1.65099829e-01, -9.47853401e-02,  1.20355390e-01,
       -5.52032590e-02, -3.06739267e-02, -8.10450688e-02,  2.52026063e-03,
       -1.70491964e-01, -1.19188078e-01, -3.56872976e-02,  9.26868469e-02,
       -1.21340111e-01, -1.81319252e-01, -3.37593444e-02,  3.82500701e-02,
       -7.98363611e-02, -4.18910803e-03, -1.59076989e-01,  9.54567268e-02,
       -8.14945027e-02, -1.31464064e-01,  1.87229529e-01,  4.89829741e-02,
        1.31147739e-04, -1.05551064e-01, -1.61625557e-02,  3.64866368e-02,
        5.30138239e-02,  9.80929434e-02, -4.01870161e-02,  7.75513984e-03,
       -4.37921584e-02, -3.00494004e-02,  3.12607996e-02, -1.43565983e-01,
        1.60685658e-01, -1.71786398e-01, -1.85538288e-02, -2.71560270e-02,
        1.83797553e-01,  1.93657707e-02, -5.65282032e-02, -4.52796556e-02,
        1.37628140e-02, -2.19847914e-02,  1.88481346e-01,  8.19395334e-02,
        1.40442559e-02, -9.12573338e-02, -4.12466154e-02,  2.44006529e-01,
       -3.66967954e-02,  2.08756421e-02,  9.70515385e-02, -2.19838582e-02,
        6.41907230e-02,  4.33860794e-02, -1.30252808e-01,  1.30236283e-01,
        5.88684343e-02, -1.08019188e-01, -8.74239579e-02,  6.01121038e-02,
       -8.42481293e-03,  4.36387546e-02, -2.29809098e-02, -3.02343946e-02,
       -1.02961762e-02,  8.40854198e-02, -6.00079335e-02,  7.30037615e-02,
        6.32874146e-02, -1.08411079e-02,  5.54966703e-02, -8.99118371e-03,
       -4.81798276e-02,  4.55396883e-02, -4.78682965e-02,  2.18778457e-02,
        2.48886123e-02,  7.27983862e-02,  1.21986538e-01, -1.19619429e-01,
        1.31173551e-01, -1.80248931e-01, -1.24137096e-01,  8.55032429e-02,
       -1.44276738e-01,  8.27059746e-02,  9.76271853e-02, -1.37793571e-01,
        2.26111785e-02,  5.61145954e-02,  1.60763994e-01, -1.29155189e-01,
       -1.66939292e-02,  7.05446601e-02,  1.84327289e-01,  1.14351558e-02,
       -1.28875211e-01,  4.39608395e-02, -9.29051731e-03, -5.61700501e-02,
        1.06289275e-01,  1.24746762e-01, -3.42088789e-02, -5.16753793e-02,
       -6.15376085e-02, -4.54975627e-02,  1.51687264e-01, -1.86671942e-01,
        2.34623649e-03,  4.07398008e-02, -7.83418790e-02,  9.40750644e-04,
       -6.06142469e-02,  5.51796891e-02, -1.69022992e-01, -2.34149061e-02,
        7.58681297e-02, -1.56658664e-01, -8.81864950e-02, -5.06720394e-02,
       -6.01189025e-02,  4.91589010e-02, -2.42659934e-02, -8.32641795e-02,
       -1.87693723e-02, -1.18788984e-02,  1.36296406e-01, -7.15138167e-02,
        7.67601728e-02, -1.28667191e-01,  2.30766591e-02, -3.63142081e-02,
        2.12755308e-01,  1.42055452e-01, -2.81135458e-02,  1.11943735e-02,
       -4.95410245e-03,  2.30749324e-02,  2.07593173e-01,  1.09622501e-01,
        4.25390378e-02, -9.37742591e-02, -5.83451800e-02, -6.24189340e-03],
      dtype=float32)]FC Layer, 100 (Glorot Init.) Original_Weights[array([[ 0.        , -0.        , -0.        , ...,  0.        ,
         0.        ,  0.        ],
       [-0.        , -0.        ,  0.        , ..., -0.        ,
         0.        , -0.4211193 ],
       [ 0.        ,  0.2056242 ,  0.        , ..., -0.        ,
        -0.        , -0.        ],
       ...,
       [ 0.2755804 , -0.        ,  0.        , ...,  0.31370133,
         0.        , -0.        ],
       [ 0.22201486,  0.25543717, -0.        , ...,  0.        ,
         0.        ,  0.        ],
       [ 0.        , -0.        ,  0.33114597, ...,  0.        ,
         0.        ,  0.        ]], dtype=float32)
 array([-0.06037968, -0.00169467,  0.11731226, -0.02748748, -0.04034191,
        0.20546797,  0.00486434,  0.09427009, -0.20650588,  0.06320506,
       -0.06676877, -0.14410385,  0.17761207,  0.12330307, -0.08627017,
       -0.00561345, -0.00923896, -0.10806296,  0.198801  ,  0.19796173,
        0.00858822,  0.1452813 ,  0.09885678, -0.13715261,  0.17001012,
        0.16099082, -0.0526197 , -0.15374853, -0.11504099, -0.15523274,
        0.16616891,  0.06728976, -0.07934484, -0.14670715, -0.01347192,
       -0.05485042,  0.06220958, -0.20463319,  0.06498215,  0.07092761,
       -0.13286303, -0.01404044, -0.06470244,  0.0561245 , -0.07272881,
       -0.1360253 , -0.10115913,  0.19260676, -0.01930912, -0.03647491,
       -0.06618275, -0.01734716,  0.1365346 , -0.05861269,  0.07216672,
        0.13507213,  0.03242646,  0.02101501, -0.0509706 ,  0.03361142,
        0.21697524, -0.10090426,  0.03403002, -0.19469512, -0.16602264,
       -0.06948038, -0.03602052,  0.11286519, -0.02976047, -0.00837323,
       -0.0425881 ,  0.08995175, -0.00306597, -0.05445721, -0.14654903,
       -0.19084346, -0.09287866,  0.0635625 , -0.16727477,  0.00235965,
        0.0022728 , -0.18316239,  0.09469043,  0.06116427,  0.00725227,
       -0.17467579, -0.00933818,  0.00851784, -0.10102411,  0.00923967,
       -0.08608905, -0.09487095, -0.07391604,  0.12665443,  0.00619244,
       -0.08603641,  0.03732432,  0.10261432,  0.00389459, -0.09735279],
      dtype=float32)]FC Layer, 10 (Softmax) Original_Weights[array([[ 0.6097485 ,  0.        , -0.6430364 , -0.        , -0.7568053 ,
        -0.        ,  0.        , -0.        , -0.        ,  0.6644726 ],
       [-0.        ,  0.        , -0.6375207 , -0.57815504,  0.4860008 ,
         0.60632   ,  0.        , -0.        , -0.        ,  0.        ],
       [-0.        ,  0.        , -0.        , -0.        ,  0.642468  ,
         0.        , -0.        ,  0.8538879 , -0.64487207,  0.        ],
       [-0.        , -0.        ,  0.8982843 , -0.62328446,  0.        ,
        -0.59664094,  0.        ,  0.5687729 , -0.        , -0.        ],
       [-0.        ,  0.        ,  0.        , -0.6726705 , -0.        ,
        -0.        , -0.        , -0.        ,  0.        ,  0.7079523 ],
       [ 0.        ,  0.6732678 ,  0.        ,  0.        , -0.        ,
         0.819825  , -0.92914706, -0.        ,  0.        ,  0.        ],
       [ 0.        ,  0.        ,  0.        , -0.82865566, -0.        ,
         0.71312577, -0.        , -0.8374099 ,  0.        ,  0.        ],
       [-0.54208356,  0.        ,  0.        ,  0.        , -0.        ,
        -0.        ,  0.        , -0.9381928 ,  0.        ,  0.        ],
       [ 0.        , -0.6989761 , -0.8636669 ,  0.8608591 , -0.        ,
        -0.        ,  0.6745902 , -0.65750235,  0.69236743,  0.        ],
       [ 0.81949604,  0.87318957,  0.        , -0.        ,  0.        ,
         0.        ,  1.0207365 ,  0.        , -0.        , -0.        ],
       [ 0.        ,  0.        ,  0.        ,  0.        , -0.        ,
        -0.82387   , -0.99757725, -0.        ,  0.        ,  0.        ],
       [-0.        , -0.6983651 ,  0.        , -0.        ,  0.        ,
         0.        ,  0.        , -0.        ,  0.40776625, -0.        ],
       [-0.8062847 ,  0.        ,  0.        ,  0.498702  , -0.        ,
         0.8565534 , -0.        , -0.        , -1.0155462 ,  0.        ],
       [ 0.        ,  0.        ,  0.71729064,  0.9178474 ,  0.        ,
         0.        , -0.7092926 ,  0.5731228 , -0.84139717, -0.        ],
       [-0.        , -0.5756216 ,  0.77246535,  0.        ,  0.82259893,
         0.        ,  0.        ,  0.        , -0.        , -0.41540113],
       [ 0.        , -0.6661272 ,  0.6074242 ,  0.        , -0.        ,
        -0.81103754, -0.        , -0.        ,  0.        ,  0.        ],
       [ 0.        ,  0.        , -0.        , -0.83869463, -0.        ,
        -0.7349961 , -0.        , -0.        , -0.        ,  0.503121  ],
       [-0.        ,  0.        ,  0.        ,  0.60974675, -0.8154194 ,
        -0.84825414, -0.        , -0.        ,  0.        ,  0.737995  ],
       [-0.5478553 ,  0.        , -0.        ,  0.        ,  0.49571264,
         0.        ,  0.        ,  0.62201285, -0.8667303 , -0.        ],
       [ 0.6560622 , -0.        , -0.        , -0.        , -0.        ,
        -0.        ,  0.7012102 ,  0.71727103, -0.7537528 ,  0.        ],
       [-0.65642977,  0.        , -0.80591416,  0.4580061 , -0.        ,
        -0.        , -0.        , -0.        , -0.        ,  0.        ],
       [-0.        ,  0.5871401 , -0.717055  , -0.        , -0.        ,
        -0.        ,  0.9705662 ,  0.        ,  0.        ,  0.        ],
       [-0.9288441 ,  0.5696122 ,  0.70931894, -0.        ,  0.        ,
         0.        , -0.        , -0.        , -0.        , -0.57821846],
       [-0.        , -0.9293565 , -0.        , -0.        ,  0.6095803 ,
         0.        , -0.        ,  0.        , -0.        ,  0.63866925],
       [ 0.        ,  0.7344489 ,  0.        ,  0.        ,  0.        ,
        -0.        , -0.        ,  0.90509534,  0.        , -0.65062517],
       [-1.0214972 ,  0.        ,  0.        , -0.        , -0.        ,
         0.        , -0.8568568 , -0.        , -0.85958487,  0.6632127 ],
       [ 0.        , -0.        , -0.        , -0.5739107 ,  0.67964244,
         0.        ,  0.        , -0.9338038 ,  0.        ,  0.        ],
       [ 0.        , -0.763147  , -0.68843186,  0.591328  , -0.        ,
         0.        ,  0.        ,  0.        ,  0.8347557 ,  0.        ],
       [ 0.49602455, -0.66403   , -0.        , -0.7576286 ,  0.70248497,
        -0.        ,  0.        ,  0.        ,  0.51221466,  0.        ],
       [-0.        , -0.78773695,  0.        ,  0.        ,  0.        ,
         0.        ,  0.        , -0.        ,  0.7856358 , -0.        ],
       [-0.        , -0.        , -0.        ,  0.        ,  0.        ,
         0.        , -0.        ,  1.2308993 , -0.63958067, -0.54586726],
       [-0.6439178 ,  0.        , -0.        , -0.564756  ,  0.8617997 ,
         0.        ,  0.        , -0.        , -0.5427161 ,  1.0849115 ],
       [ 0.        , -0.7536422 , -0.8595167 ,  0.653062  , -0.        ,
         0.        ,  0.        , -0.        , -0.        ,  0.        ],
       [ 0.        , -0.7311942 ,  0.6235625 ,  0.        , -0.        ,
        -0.83239335, -0.        ,  0.        ,  0.6710983 ,  0.        ],
       [ 0.6683741 ,  0.        ,  0.        ,  0.        ,  0.        ,
        -0.6050518 ,  0.47758368, -0.        , -0.571417  , -0.45653856],
       [ 0.7270392 , -0.        ,  0.        ,  0.        ,  0.        ,
        -0.6875859 ,  0.8973281 ,  0.        , -0.58853066, -0.        ],
       [ 0.74897057, -0.        , -0.56381685, -0.6702074 , -0.        ,
        -0.        ,  0.7399052 ,  0.        , -0.        ,  0.        ],
       [ 0.7030633 , -0.59634316,  0.        , -0.        ,  0.        ,
         0.        ,  0.7113919 , -0.59072345, -0.        , -0.        ],
       [ 0.        ,  0.7935309 ,  0.        ,  0.        ,  0.        ,
         0.        , -0.        ,  0.77100575,  0.        , -0.6007428 ],
       [-0.        ,  0.94701236, -0.69566476,  0.5331798 ,  0.        ,
        -0.        , -0.        ,  0.        ,  0.        , -0.        ],
       [ 0.        ,  0.        ,  0.43377322,  0.        , -0.        ,
        -0.8256875 , -1.1022388 , -0.        , -0.        ,  0.        ],
       [-0.        , -0.        , -0.5729766 , -0.        ,  0.5912919 ,
         0.46434408,  0.        ,  0.        , -0.        , -0.4771231 ],
       [-0.        , -0.        ,  0.77105093, -0.        ,  0.7474289 ,
         0.        ,  0.        ,  0.        , -0.        , -0.        ],
       [ 0.        ,  0.        , -0.        ,  0.        , -0.7830004 ,
         0.4250039 , -0.        , -0.        , -0.5850072 ,  1.0564537 ],
       [ 0.8640203 ,  0.        ,  0.        , -0.        , -1.0006615 ,
        -0.        ,  0.        , -0.        ,  0.        ,  0.8602207 ],
       [-0.71199733, -0.67025   ,  0.        , -0.        , -0.        ,
        -0.7033245 ,  0.        ,  0.        , -0.        ,  0.        ],
       [ 0.45003697,  0.        , -0.6215741 , -0.5795179 , -0.        ,
         0.        ,  0.        , -0.        , -0.        ,  0.8764942 ],
       [ 0.        ,  0.        ,  0.6775756 , -0.6901017 ,  0.        ,
        -0.48673424,  0.        ,  0.82833016, -0.8255603 , -0.        ],
       [-0.8822936 ,  0.5229073 ,  0.        ,  0.        ,  0.        ,
         0.        , -0.        , -0.        ,  0.7957924 , -0.7025245 ],
       [-0.        ,  0.5309731 , -0.        ,  0.        , -0.77510124,
         0.        , -0.        , -0.        ,  0.60685515, -0.        ],
       [ 0.        , -0.        ,  0.        , -0.6364565 ,  0.        ,
        -0.        ,  0.4431477 , -0.710658  ,  0.        , -0.        ],
       [-0.        , -0.        ,  0.8007144 ,  0.4741614 , -0.83658713,
        -0.        , -0.        ,  0.        ,  0.633174  , -0.        ],
       [-0.        , -0.        , -0.8198693 , -0.        ,  0.        ,
         0.7407399 ,  0.55825007,  0.        , -0.5670122 , -0.        ],
       [ 0.        , -0.        ,  0.784147  , -0.        , -0.        ,
        -0.8559793 , -0.        , -0.6475722 ,  0.        ,  0.        ],
       [ 0.        ,  0.        ,  0.        , -0.        , -0.82496995,
        -0.        , -0.66006666, -0.        , -0.        , -0.        ],
       [ 0.        , -0.        , -0.        , -0.        ,  0.        ,
         1.163831  ,  0.8712702 ,  0.        , -0.        , -0.        ],
       [-0.        ,  0.9936796 , -0.5268421 , -0.        ,  0.6003473 ,
         0.        , -0.        , -0.        , -0.        ,  0.        ],
       [-0.3921061 , -0.57910687, -0.        , -0.7414185 , -0.        ,
         0.        ,  0.        ,  0.        ,  0.42689818,  0.        ],
       [ 0.        ,  0.        ,  0.        , -0.        ,  0.59295964,
         0.5068197 , -0.78009427, -0.8611496 ,  0.        ,  0.        ],
       [-0.        ,  0.        ,  0.        ,  0.        ,  0.        ,
         0.        , -0.        , -0.        , -0.        , -0.77989835],
       [-0.        , -0.        , -0.        , -0.        , -0.72923034,
         0.8606098 ,  0.59450287,  0.        , -0.        , -0.        ],
       [ 0.        ,  0.        , -0.6210907 , -0.        ,  0.67150503,
        -0.        , -0.        ,  0.53857523,  0.        ,  0.        ],
       [ 0.        , -0.        ,  0.76894337,  0.        ,  0.        ,
        -0.        , -0.        ,  0.        ,  0.8231134 , -0.90427417],
       [ 0.7634166 , -0.6023088 ,  0.        ,  0.        ,  0.54951525,
        -0.        , -0.7598112 , -0.        , -0.        ,  0.51054674],
       [-0.        , -0.6194686 ,  1.0847533 ,  0.        ,  0.        ,
         0.        ,  0.        , -0.63862395, -0.        , -0.        ],
       [ 0.        ,  0.        ,  0.        , -0.59502923,  0.        ,
        -0.55691415,  0.9235135 , -0.        ,  0.56006354, -0.        ],
       [-0.44232598,  0.        ,  0.5956697 ,  0.        , -0.45602274,
        -0.        , -0.        , -0.71972454,  0.        ,  0.66660386],
       [-0.        ,  0.        ,  0.        , -0.        ,  0.        ,
         0.89518714, -0.        , -0.        ,  0.        , -0.        ],
       [ 0.        ,  0.        , -0.        , -0.59387976, -0.7165133 ,
         0.        ,  0.        , -0.        ,  0.6253103 ,  1.0292838 ],
       [ 0.4865495 ,  0.        ,  0.        ,  0.        ,  0.        ,
        -0.        , -0.        ,  0.9206698 , -0.        , -0.7965314 ],
       [-0.        ,  0.8514419 , -0.        , -0.5802427 , -0.        ,
        -0.61997116,  1.2785834 , -0.6561489 ,  0.        ,  0.        ],
       [ 0.        , -0.        , -0.5656036 , -0.        , -0.4866887 ,
         0.8015947 ,  0.        , -0.697878  , -0.357618  ,  0.        ],
       [ 1.0863838 ,  0.        , -0.        , -0.58581644, -0.        ,
        -0.        , -0.73380643, -0.        , -0.        ,  0.        ],
       [ 0.7385109 , -0.        ,  0.394787  ,  0.9101579 ,  0.        ,
        -0.7469934 , -0.9845482 ,  0.        , -0.5484642 , -0.        ],
       [ 0.53413075,  0.        , -0.6455522 , -0.        ,  0.5559991 ,
        -0.5665925 ,  0.        , -0.        ,  0.41491777,  0.63227725],
       [ 1.1932405 , -0.        , -0.5853293 , -0.        ,  0.        ,
         0.        ,  1.2219468 ,  0.        , -0.        , -0.        ],
       [ 0.        , -0.        , -0.5660223 , -0.7660214 , -0.        ,
        -0.6179248 ,  0.53723   ,  0.52592695,  0.7827218 ,  0.        ],
       [ 0.78142715,  0.        ,  0.6084547 ,  0.        ,  0.        ,
         0.        ,  0.        , -0.        , -0.78453743, -0.        ],
       [ 0.        , -0.9592677 , -0.        ,  0.        , -0.92602646,
         0.        ,  0.        , -0.        ,  0.71167487,  0.        ],
       [ 0.        ,  0.9299713 , -0.        ,  0.        ,  0.8796262 ,
        -0.88832027,  0.        , -0.        , -0.        ,  0.        ],
       [-0.        ,  0.        , -0.        ,  0.        , -0.        ,
        -0.83594346,  0.        ,  0.79882824, -0.        ,  0.        ],
       [-0.        ,  0.        , -0.        ,  0.        , -0.578784  ,
        -0.97579056, -0.        , -0.6382701 ,  0.7230306 , -0.        ],
       [-0.89220273,  0.        ,  0.        ,  0.85716426, -0.        ,
        -0.        ,  0.59086376, -0.        ,  0.        , -0.88681185],
       [-0.        ,  0.56057405,  0.        , -0.63612866, -0.        ,
         0.70443755, -0.5911098 , -0.        ,  0.        ,  0.        ],
       [-0.        , -0.        , -0.        ,  0.5526267 ,  0.        ,
         0.        ,  0.65373   ,  0.        , -0.        , -0.        ],
       [ 0.        , -0.55773944, -0.61435586, -0.        ,  0.5610625 ,
        -0.6553673 , -0.        ,  0.        , -0.        ,  0.        ],
       [-0.        ,  0.6306323 ,  0.        ,  0.80308056,  0.        ,
        -0.95327693, -0.        ,  0.        , -0.        , -0.        ],
       [ 0.        ,  0.        ,  0.        , -0.68712467,  0.        ,
        -0.        ,  0.        , -0.        ,  0.6157951 , -0.        ],
       [-0.5113266 , -0.879749  , -0.        ,  0.53745735, -0.        ,
         0.        , -0.        , -0.        , -0.        ,  0.        ],
       [-0.5458136 , -0.        , -0.8466641 , -0.        , -0.        ,
         0.46512806,  0.        , -0.9093103 ,  0.        ,  0.72093457],
       [ 0.44683054, -0.        ,  0.        , -0.45609447,  0.        ,
        -0.        ,  0.        , -0.81488717,  0.6836445 , -0.5373051 ],
       [ 0.61600906,  0.        ,  0.7307986 ,  0.        ,  0.        ,
         0.        , -0.        , -0.        , -0.        , -0.57197875],
       [ 0.        , -0.62581176,  0.        ,  0.        , -0.898286  ,
         0.        ,  0.        ,  0.5335923 , -0.        ,  0.96590596],
       [ 0.        , -0.        ,  0.7841403 ,  0.        ,  0.        ,
         0.59495485,  0.        , -0.577403  ,  0.        , -0.        ],
       [ 0.        , -0.        ,  0.        ,  0.49785817, -0.86726063,
        -0.        , -0.8736463 , -0.        ,  0.        ,  0.8682911 ],
       [ 0.6761513 , -0.        , -0.        ,  0.        , -0.41600525,
         0.        ,  0.        ,  0.        , -0.        ,  0.77301943],
       [-0.5953821 ,  0.        , -0.6953677 ,  0.4956561 , -0.        ,
         0.        , -0.64771426, -0.        , -0.        ,  0.        ],
       [-0.        ,  1.0532879 , -0.        , -0.        ,  0.7057676 ,
         0.        ,  0.        ,  0.        , -0.        , -0.        ],
       [-0.        , -0.        ,  0.9823961 , -0.        ,  0.        ,
         0.        ,  0.39352018, -0.6063793 ,  0.        , -0.        ],
       [-0.        , -0.        , -0.        ,  0.98605675, -0.        ,
         0.        ,  0.        , -0.9957018 , -0.        , -0.        ]],
      dtype=float32)
 array([-0.10548947,  0.2710978 ,  0.05681971, -0.07752167,  0.00098053,
        0.18477166, -0.07306165,  0.14842495, -0.29791242, -0.10493029],
      dtype=float32)]