FC Layer, 300 (Glorot Init.) Original_Weights[array([[ 0.,  0.,  0., ..., -0.,  0.,  0.],
       [ 0., -0., -0., ..., -0.,  0., -0.],
       [ 0.,  0., -0., ..., -0., -0., -0.],
       ...,
       [ 0.,  0., -0., ...,  0.,  0.,  0.],
       [ 0., -0., -0., ...,  0.,  0., -0.],
       [-0., -0., -0., ..., -0., -0., -0.]], dtype=float32)
 array([-0.05438664,  0.13463621,  0.195947  ,  0.05340531,  0.        ,
       -0.1865461 ,  0.0596748 ,  0.10793905,  0.        ,  0.1327447 ,
       -0.01199334, -0.0963619 ,  0.01093896, -0.18512356, -0.17100947,
       -0.05137951,  0.0609492 ,  0.16849372,  0.1319892 ,  0.04727678,
       -0.0022979 ,  0.00977167, -0.12478727,  0.01114827,  0.11986838,
        0.03137232, -0.07096313, -0.12951508, -0.107876  ,  0.15482835,
       -0.044904  ,  0.0364529 , -0.05352214,  0.01161797, -0.1449028 ,
        0.1220511 ,  0.        , -0.18161026,  0.07375483, -0.3203552 ,
        0.14289019, -0.10419547,  0.00521062, -0.09849873, -0.10405028,
        0.07981618,  0.04403583, -0.01679935, -0.12867099,  0.00764566,
       -0.16124232, -0.1133429 , -0.02373255, -0.11877656, -0.08050601,
        0.05417396,  0.15782253, -0.17735164,  0.1191963 ,  0.07988548,
       -0.05890596, -0.019155  , -0.06624789,  0.25967634,  0.0928389 ,
        0.05763777, -0.07575645, -0.1934932 ,  0.03913048, -0.11661755,
       -0.03576906, -0.01708965,  0.        ,  0.08139627,  0.07622305,
        0.04931203, -0.00524585,  0.01743232,  0.        , -0.00176366,
       -0.17179258,  0.01983471,  0.11241339,  0.05424589, -0.0758967 ,
        0.17024098,  0.04676376, -0.0314994 ,  0.0622884 , -0.18680614,
        0.12750115, -0.03010887, -0.13840008,  0.16611797,  0.00229616,
       -0.13254441, -0.08613894,  0.08940795,  0.06149598,  0.01017149,
       -0.03726935, -0.03129797, -0.20867339,  0.00752186, -0.01827879,
       -0.11128612, -0.04683933,  0.09181166,  0.00083878, -0.07040417,
       -0.12999585, -0.0208535 ,  0.00960357,  0.10954672,  0.        ,
        0.0105971 , -0.06782053, -0.01990493,  0.0101778 , -0.06908835,
       -0.01691762, -0.2554461 , -0.04584792,  0.00235652,  0.04078566,
        0.23954614, -0.28917906,  0.13143218, -0.13969825, -0.21115062,
       -0.05119308, -0.06571406,  0.0374415 , -0.02130762, -0.00687   ,
        0.11006482,  0.1032507 ,  0.15926239,  0.03635908,  0.01594306,
       -0.0016952 , -0.12266384,  0.03115139,  0.        , -0.05229819,
        0.01933518, -0.12122088, -0.13695018,  0.0295269 ,  0.        ,
        0.        ,  0.08344467, -0.00411495,  0.121484  , -0.00420637,
        0.10285559,  0.07179973,  0.0716353 , -0.10710486, -0.05811061,
       -0.15341996, -0.09326135, -0.04542531,  0.17993812, -0.06516518,
       -0.22060943,  0.02762615,  0.        , -0.13676012,  0.05068211,
        0.04523816, -0.11680865, -0.08984443,  0.00429898,  0.08953844,
        0.17312518, -0.0342509 , -0.09678786,  0.10784559, -0.06641811,
        0.09797131,  0.10887802, -0.12439025,  0.1014924 , -0.18644047,
       -0.08144815,  0.10275542, -0.11463767,  0.10470282, -0.25235635,
        0.        ,  0.14643247,  0.17432998,  0.04214983, -0.01430277,
        0.01952489,  0.04372941,  0.06116179,  0.21227652,  0.08033513,
        0.05945981, -0.06389184, -0.06029373,  0.2046057 , -0.11978731,
       -0.00186939,  0.02434107, -0.07314016,  0.09337561,  0.10666016,
       -0.0926389 ,  0.20397551, -0.01862095, -0.07996703, -0.23788887,
        0.09310774,  0.02852594,  0.03839484,  0.14670458,  0.01859657,
        0.03996164, -0.00661013, -0.10352183,  0.06261133,  0.10373987,
        0.03530268,  0.02581794,  0.03394776, -0.02767805,  0.13985524,
       -0.12434186,  0.00110458, -0.11794283,  0.02358987,  0.13865027,
       -0.0951389 ,  0.1954699 , -0.23661743, -0.03616033,  0.10316852,
       -0.01698688,  0.09405416,  0.22548543, -0.1511994 ,  0.01064628,
        0.10198452,  0.11593559, -0.09894737, -0.05224664,  0.05232079,
        0.24048954,  0.10700773, -0.09129521, -0.10446101,  0.18896823,
       -0.00869539,  0.01835567, -0.03993425,  0.0721566 , -0.06138657,
        0.13820608, -0.14590466,  0.14150994, -0.15132304,  0.03229338,
        0.0408627 , -0.03803182, -0.07381116, -0.11573546,  0.02837222,
       -0.21421899, -0.05578882,  0.05718662, -0.13388036, -0.13471845,
       -0.06432167,  0.0845217 , -0.04457975,  0.09303592, -0.09712414,
        0.0378682 , -0.0318433 , -0.02173779,  0.        ,  0.03148426,
       -0.02375795,  0.0324125 , -0.09587613,  0.24856304,  0.25463802,
        0.01675968,  0.1187731 ,  0.01435965, -0.00244638,  0.22984268,
        0.12266004,  0.03110022, -0.05093373, -0.18873902, -0.11185765],
      dtype=float32)]FC Layer, 100 (Glorot Init.) Original_Weights[array([[-0.       , -0.       ,  0.       , ...,  0.       ,  0.       ,
        -0.       ],
       [-0.       ,  0.       , -0.       , ..., -0.       , -0.       ,
        -0.4656804],
       [ 0.       , -0.       , -0.       , ...,  0.       ,  0.       ,
        -0.       ],
       ...,
       [ 0.       , -0.       ,  0.       , ..., -0.       ,  0.       ,
        -0.       ],
       [-0.       , -0.       , -0.       , ...,  0.       ,  0.       ,
        -0.       ],
       [ 0.       ,  0.       ,  0.       , ..., -0.       , -0.       ,
        -0.       ]], dtype=float32)
 array([ 1.64879067e-03, -6.16493598e-02,  1.20903678e-01,  3.23476940e-02,
       -4.59348410e-02,  1.74116641e-01,  2.86725424e-02,  8.42070505e-02,
       -2.61639833e-01,  1.90526471e-01, -1.11309469e-01, -1.51450902e-01,
        2.50111371e-01,  2.39335120e-01, -1.16072468e-01, -5.83652183e-02,
        1.65470824e-01, -1.94409974e-02,  2.58594841e-01,  1.27009764e-01,
       -2.89863511e-03,  1.61327168e-01,  2.25301921e-01, -1.84726447e-01,
        1.95609152e-01,  2.43814409e-01, -1.68965936e-01, -2.08599791e-01,
       -1.35368466e-01, -1.81559071e-01,  1.97934479e-01, -6.99438229e-02,
       -8.73518288e-02, -2.07167700e-01,  1.07522354e-01, -4.75462452e-02,
        2.86874156e-02, -1.72481224e-01, -5.26403449e-02,  3.39489430e-02,
       -1.70958206e-01, -1.18149728e-01, -5.86384721e-03, -6.81697275e-05,
       -4.51283380e-02, -3.49600287e-03, -1.91308588e-01,  1.82688326e-01,
       -3.60714793e-02,  1.24014683e-01, -8.30200166e-02,  2.67550466e-03,
        7.58813396e-02, -1.24553181e-01,  1.73600256e-01,  1.08955003e-01,
        1.60169423e-01,  1.56352520e-01, -1.29283130e-01,  1.41113982e-01,
        1.57896250e-01, -2.10548922e-01,  2.09313557e-02, -6.55820668e-02,
       -1.36719465e-01, -1.09630108e-01, -7.71889417e-03,  3.59319262e-02,
       -1.78766772e-02,  6.14837483e-02,  4.27657962e-02, -8.80751014e-03,
       -6.36602268e-02, -9.21899080e-02, -4.86684181e-02, -1.29850388e-01,
        1.43561810e-02,  1.75963387e-01, -2.05955967e-01,  4.38693017e-02,
        7.99430069e-03, -3.81491661e-01, -6.01040162e-02,  5.31929843e-02,
       -4.08547036e-02, -1.14826046e-01,  1.94257032e-02, -6.22529611e-02,
       -1.48367301e-01, -1.07213818e-01, -5.67057356e-02, -1.09032482e-01,
       -1.83694407e-01,  2.24048600e-01, -1.32257611e-01, -2.94951685e-02,
        9.41593349e-02,  1.87694803e-01, -2.80816182e-02, -1.31406173e-01],
      dtype=float32)]FC Layer, 10 (Softmax) Original_Weights[array([[-0.        ,  0.        , -0.91603696, -0.        , -1.0215542 ,
         0.        , -0.        ,  0.        , -0.        ,  0.        ],
       [ 0.        , -0.        , -0.89719653,  0.        , -0.        ,
         0.        , -0.        ,  0.        , -0.        , -0.        ],
       [ 0.        ,  0.        , -0.        , -0.        ,  1.0180172 ,
         0.        , -0.        ,  1.2339493 , -0.8850325 ,  0.        ],
       [ 0.        , -0.        ,  1.2742687 , -0.90397966,  0.        ,
        -0.87460667, -0.        ,  0.        , -0.        , -0.        ],
       [ 0.        ,  0.        , -0.        ,  0.        ,  0.        ,
         0.        , -0.        ,  0.        ,  0.        ,  1.1414878 ],
       [ 0.        ,  0.        ,  0.        , -0.        ,  0.        ,
         0.98533684, -1.3739692 , -0.        , -0.        , -0.        ],
       [-0.        , -0.        ,  0.        , -1.4588828 ,  0.        ,
         1.082777  ,  0.        , -1.0010115 , -0.        , -0.        ],
       [-0.909144  , -0.        ,  0.        , -0.        ,  0.        ,
        -0.        ,  0.        , -1.2485359 , -0.        ,  0.        ],
       [-0.        , -0.        , -1.1051025 ,  1.1716356 , -0.        ,
         0.        ,  1.334488  , -0.81416386,  0.7910243 , -0.        ],
       [-0.        ,  1.4110085 , -0.        ,  0.        , -0.        ,
        -0.        ,  1.4924915 , -0.        ,  0.        ,  0.        ],
       [-0.        ,  0.        ,  0.        , -0.        ,  0.        ,
        -1.263635  , -1.7976037 , -0.        , -0.        , -0.        ],
       [-0.        , -1.273383  , -0.        , -0.        , -0.        ,
         0.        , -0.        ,  0.        ,  0.        ,  0.        ],
       [-1.0330999 , -0.        ,  0.        , -0.        ,  0.        ,
         1.093485  ,  0.        , -0.        , -1.315151  , -0.        ],
       [-0.        , -0.        ,  0.        ,  1.2167423 , -0.        ,
        -0.        , -0.8064674 ,  0.        , -1.4804047 , -0.        ],
       [ 0.        , -0.        ,  1.0627924 ,  0.        ,  0.8996142 ,
        -0.        , -0.        , -0.        ,  0.        ,  0.        ],
       [-0.        ,  0.        ,  0.        , -0.        ,  0.        ,
        -1.3092406 ,  0.        , -0.        , -0.        , -0.        ],
       [ 0.        , -0.        ,  0.        , -1.0122526 ,  0.        ,
        -0.97699577,  0.        , -0.        , -0.        , -0.        ],
       [ 0.        , -0.        ,  0.        ,  0.86974555, -0.96917546,
        -0.88467354,  0.        , -0.        ,  0.        ,  1.1421474 ],
       [ 0.        ,  0.        , -0.        ,  0.        ,  0.        ,
         0.        , -0.        ,  0.9716539 , -1.071584  , -0.        ],
       [ 0.97858435, -0.        , -0.        ,  0.        ,  0.        ,
         0.        ,  0.9769885 ,  0.86902666, -0.9035291 , -0.        ],
       [-0.9466566 , -0.        , -1.0833349 ,  0.        ,  0.        ,
        -0.        ,  0.        , -0.        ,  0.        ,  0.        ],
       [ 0.        ,  0.        , -1.2091105 ,  0.        ,  0.        ,
         0.        ,  1.2880297 , -0.        , -0.        , -0.        ],
       [-1.1690897 , -0.        ,  1.041627  ,  0.        , -0.        ,
        -0.        ,  0.        , -0.        , -0.        ,  0.        ],
       [ 0.        , -1.4736812 , -0.        ,  0.        ,  0.9699031 ,
         0.        , -0.        ,  0.        , -0.        ,  0.95141035],
       [-0.        ,  1.0671872 ,  0.        , -0.        , -0.        ,
        -0.        , -0.        ,  1.2739036 ,  0.        , -0.96622807],
       [-1.36109   , -0.        ,  0.        , -0.        ,  0.        ,
        -0.        , -1.2114068 , -0.        , -0.99933684,  1.0131667 ],
       [-0.        ,  0.        , -0.        , -0.        ,  1.0467465 ,
         0.        ,  0.        , -1.0700612 , -0.        , -0.        ],
       [ 0.        , -0.9709718 , -1.0449712 , -0.        ,  0.        ,
         0.        , -0.        ,  0.        ,  1.0367874 , -0.        ],
       [ 0.        , -1.1355245 , -0.        , -0.87866783,  1.1089886 ,
         0.        , -0.        , -0.        ,  0.        , -0.        ],
       [-0.        , -0.94063383,  0.        , -0.        , -0.        ,
        -0.        , -0.        , -0.        ,  0.9933885 ,  0.        ],
       [ 0.        , -0.        , -0.        ,  0.        , -0.        ,
        -0.        , -0.        ,  1.1892157 , -1.1166016 , -0.        ],
       [-0.        , -0.        ,  0.        , -0.98243505,  1.1391929 ,
        -0.        , -0.        ,  0.        , -0.        ,  1.4744265 ],
       [-0.        , -1.187663  , -1.1245034 ,  0.9567498 ,  0.        ,
        -0.        , -0.        , -0.        ,  0.        , -0.        ],
       [-0.        , -0.9634248 ,  1.0708158 , -0.        , -0.        ,
        -1.2681649 , -0.        , -0.        ,  1.1481937 ,  0.        ],
       [ 0.9863816 , -0.        ,  0.        , -0.        , -0.        ,
        -0.        ,  0.        , -0.        ,  0.        ,  0.        ],
       [ 1.0608492 ,  0.        ,  0.        ,  0.        , -0.        ,
        -0.9145908 ,  1.3678273 , -0.        ,  0.        , -0.        ],
       [ 0.9874051 ,  0.        , -0.        , -0.87778   , -0.        ,
         0.        ,  0.86897093,  0.        ,  0.        , -0.        ],
       [ 0.9430228 , -0.        ,  0.        , -0.        , -0.        ,
        -0.        ,  1.0587327 ,  0.        ,  0.        , -0.        ],
       [-0.        ,  1.0770556 , -0.        ,  0.        , -0.        ,
        -0.        ,  0.        ,  0.84666055, -0.        , -0.9680564 ],
       [-0.        ,  1.4114863 , -1.0079135 ,  0.        ,  0.        ,
        -0.        ,  0.        , -0.        ,  0.        ,  0.        ],
       [-0.        ,  0.        ,  0.        , -0.        ,  0.        ,
        -0.9972629 , -1.3819271 , -0.        ,  0.        , -0.        ],
       [ 0.        , -0.        , -0.        ,  0.        ,  1.0035369 ,
         0.        , -0.        ,  0.        ,  0.        , -0.        ],
       [ 0.        , -0.        ,  1.4266263 ,  0.        ,  0.        ,
         0.        ,  0.        ,  0.        ,  0.        , -0.        ],
       [-0.        , -0.        ,  0.        , -0.        , -1.0759549 ,
        -0.        , -0.        , -0.        ,  0.        ,  1.2471347 ],
       [ 1.0644029 , -0.        ,  0.        , -0.        , -1.4915024 ,
         0.        ,  0.        , -0.        , -0.        ,  1.042506  ],
       [-0.874407  , -0.79416215, -0.        ,  0.        ,  0.        ,
        -1.0034583 , -0.        , -0.        , -0.        , -0.        ],
       [ 0.        , -0.        , -1.0547402 , -0.9273431 ,  0.        ,
         0.        , -0.        , -0.        ,  0.        ,  1.1660542 ],
       [ 0.        ,  0.        ,  0.9123938 , -0.9410347 ,  0.        ,
        -0.        ,  0.        ,  0.9887471 , -1.174761  , -0.        ],
       [-1.1882774 , -0.        , -0.        ,  0.        , -0.        ,
         0.        ,  0.        ,  0.        ,  0.89263874, -0.9932981 ],
       [-0.        , -0.        ,  0.        , -0.        , -1.0498437 ,
        -0.        ,  0.        , -0.        , -0.        ,  0.        ],
       [-0.        ,  0.        ,  0.        , -0.        , -0.        ,
        -0.        ,  0.        ,  0.        ,  0.        ,  0.        ],
       [ 0.        ,  0.        ,  1.0969558 , -0.        , -1.3511605 ,
         0.        ,  0.        ,  0.        ,  0.93129754, -0.        ],
       [-0.        , -0.        , -1.2638366 ,  0.        , -0.        ,
        -0.        ,  0.        ,  0.        ,  0.        ,  0.        ],
       [-0.        , -0.        ,  1.2460086 ,  0.        ,  0.        ,
        -1.1208905 , -0.        ,  0.        ,  0.        ,  0.        ],
       [ 0.        ,  0.        ,  0.        , -0.        , -1.3108869 ,
         0.        , -0.        ,  0.        , -0.        , -0.        ],
       [ 0.        , -0.        , -0.        ,  0.        , -0.        ,
         1.7090949 ,  1.1586562 ,  0.        , -0.        , -0.        ],
       [ 0.        ,  1.7956133 , -0.        ,  0.        ,  0.        ,
         0.        , -0.        ,  0.        ,  0.        , -0.        ],
       [ 0.        ,  0.        , -0.        , -0.99011874,  0.        ,
         0.        , -0.        ,  0.        ,  0.        ,  0.        ],
       [-0.        ,  0.        ,  0.        , -0.        ,  0.91309685,
         0.        , -0.9157662 , -1.1717553 , -0.        , -0.        ],
       [-0.        , -0.        ,  0.        , -0.        , -0.        ,
        -0.        ,  0.        ,  0.        ,  0.        , -0.85770416],
       [ 0.        , -0.        , -0.        ,  0.        , -0.980269  ,
         1.159817  ,  1.0805633 ,  0.        , -0.        ,  0.        ],
       [ 0.        ,  0.        , -1.0821884 , -0.        ,  1.1826618 ,
         0.        , -0.        ,  0.        , -0.        , -0.        ],
       [-0.        , -0.        ,  0.99014354, -0.        , -0.        ,
         0.        ,  0.        , -0.        ,  0.8373182 , -1.2102351 ],
       [ 0.9836454 , -0.        ,  0.        , -0.        ,  0.        ,
         0.        , -0.        ,  0.        , -0.        , -0.        ],
       [ 0.        , -0.        ,  1.2100813 , -0.        , -0.        ,
        -0.        , -0.        , -0.        ,  0.        , -0.        ],
       [-0.        ,  0.        , -0.        , -0.8108445 , -0.        ,
        -0.9464219 ,  1.2280712 ,  0.        ,  0.84331274,  0.        ],
       [-0.        , -0.        ,  1.0348731 , -0.        ,  0.        ,
         0.        ,  0.        , -0.97849894, -0.        , -0.        ],
       [-0.        ,  0.        , -0.        ,  0.        , -0.        ,
         1.4120948 , -0.        ,  0.        ,  0.        ,  0.        ],
       [-0.        ,  0.        ,  0.        , -0.        , -1.1632563 ,
        -0.        , -0.        , -0.        , -0.        ,  1.1553003 ],
       [ 0.9429323 ,  0.        ,  0.        , -0.        , -0.        ,
        -0.        , -0.        ,  1.2845051 ,  0.        , -1.182016  ],
       [ 0.        ,  0.7766378 , -0.        , -0.8264027 , -0.        ,
         0.        ,  1.4904252 , -0.90119636, -0.        ,  0.        ],
       [-0.        ,  0.        ,  0.        , -0.        , -0.        ,
         1.2245548 ,  0.        , -1.3859557 , -0.        ,  0.        ],
       [ 1.5476661 , -0.        ,  0.        , -0.        , -0.        ,
         0.        , -0.99060655,  0.        , -0.        , -0.        ],
       [-0.        ,  0.        ,  0.        ,  1.0154355 ,  0.        ,
        -1.2281144 , -1.0556971 , -0.        , -1.0086775 ,  0.        ],
       [-0.        ,  0.        , -0.        ,  0.        ,  0.        ,
         0.        ,  0.        , -0.        , -0.        , -0.        ],
       [ 1.88153   ,  0.        , -0.        ,  0.        , -0.        ,
        -0.        ,  1.7582983 ,  0.        ,  0.        , -0.        ],
       [ 0.        ,  0.        , -0.        , -1.2689666 ,  0.        ,
        -1.0265863 ,  0.        , -0.        ,  1.1515338 , -0.        ],
       [ 1.1494913 , -0.        ,  1.083642  , -0.        , -0.        ,
        -0.        , -0.        ,  0.        , -1.197603  ,  0.        ],
       [-0.        , -1.1866617 ,  0.        , -0.        , -1.2701955 ,
        -0.        , -0.        ,  0.        ,  0.8517611 ,  0.        ],
       [ 0.        ,  1.1725271 , -0.        , -0.        ,  1.0765325 ,
        -0.91146123,  0.        ,  0.        , -0.        , -0.        ],
       [ 0.        , -0.        , -0.        ,  0.        ,  0.        ,
        -1.0147951 , -0.        ,  1.0959637 ,  0.        ,  0.        ],
       [ 0.        ,  0.        , -0.        ,  0.        , -0.        ,
         0.        , -0.        ,  0.        ,  0.92765474,  0.        ],
       [-1.2344927 , -0.        , -0.        ,  1.2978163 , -0.        ,
        -0.        ,  0.925982  , -0.        , -0.        , -1.1585195 ],
       [ 0.        ,  0.        , -0.        ,  0.        ,  0.        ,
         0.9476534 , -0.91887116,  0.        , -0.        , -0.        ],
       [ 0.        , -0.        , -0.        ,  0.9676587 , -0.        ,
        -0.        ,  0.97080857,  0.        ,  0.        , -0.        ],
       [ 0.        ,  0.        , -0.        , -0.        ,  0.        ,
        -0.94371974, -0.        , -0.        ,  0.        , -0.        ],
       [-0.        , -0.        , -0.        ,  1.1536523 , -0.        ,
        -1.0756392 , -0.        ,  0.        ,  0.        ,  0.        ],
       [ 0.        ,  0.        ,  0.        , -0.98279893, -0.        ,
         0.        ,  0.        , -0.        ,  1.0248929 , -0.        ],
       [-0.        , -1.2182609 , -0.        ,  1.0491623 ,  0.        ,
         0.        , -0.        ,  0.        , -0.        , -0.        ],
       [ 0.        ,  0.        , -1.2665228 , -0.        , -0.        ,
         0.        ,  0.        , -0.8301872 , -0.        ,  1.1519362 ],
       [-0.        , -0.        ,  0.        , -0.        , -0.        ,
         0.        ,  0.        , -1.4426656 ,  0.7612131 , -0.        ],
       [ 0.9610324 , -0.        ,  0.9933399 ,  0.        , -0.        ,
        -0.        ,  0.        ,  0.        ,  0.        , -0.9973175 ],
       [-0.        , -0.82240766,  0.        , -0.        , -1.2579895 ,
        -0.        , -0.        ,  0.        ,  0.        ,  1.2597182 ],
       [-0.        , -0.        ,  0.98587704, -0.        , -0.        ,
         0.        ,  0.        ,  0.        , -0.        ,  0.        ],
       [-0.        ,  0.        ,  0.        , -0.        , -1.4358959 ,
        -0.        , -0.99784267,  0.        , -0.        ,  1.068382  ],
       [ 1.3813925 , -0.        ,  0.        , -0.        ,  0.        ,
        -0.        , -0.        , -0.        ,  0.        ,  1.1896209 ],
       [-1.0929887 , -0.        , -0.89811045,  0.        ,  0.        ,
        -0.        , -1.0046916 , -0.        , -0.        ,  0.        ],
       [ 0.        ,  1.2574016 , -0.        ,  0.        ,  1.1990502 ,
        -0.        , -0.        ,  0.        ,  0.        ,  0.        ],
       [ 0.        , -0.        ,  1.2330018 ,  0.        , -0.        ,
         0.        ,  0.        , -0.        , -0.        , -0.        ],
       [ 0.        , -0.        , -0.        ,  1.3630792 ,  0.        ,
        -0.        , -0.        , -1.2216202 ,  0.        , -0.        ]],
      dtype=float32)
 array([ 0.07792459,  0.34134036,  0.14393063, -0.11709492, -0.08135653,
        0.1430955 , -0.01990755,  0.15673457, -0.41499838, -0.15340687],
      dtype=float32)]