FC Layer, 300 (Glorot Init.) Original_Weights[array([[ 0.,  0.,  0., ..., -0.,  0.,  0.],
       [ 0., -0., -0., ..., -0.,  0., -0.],
       [ 0.,  0., -0., ..., -0., -0., -0.],
       ...,
       [ 0.,  0., -0., ...,  0.,  0.,  0.],
       [ 0., -0., -0., ...,  0.,  0., -0.],
       [-0., -0., -0., ..., -0., -0., -0.]], dtype=float32)
 array([-1.06222279e-01, -2.11119410e-02, -1.06569648e-01,  3.35845768e-01,
        0.00000000e+00, -1.10936090e-01,  7.27928206e-02, -2.83285230e-02,
        0.00000000e+00,  3.10095549e-01, -7.93497786e-02,  1.14363823e-02,
       -6.03855215e-02,  0.00000000e+00, -1.56755537e-01,  3.22927773e-01,
        5.35885654e-02,  0.00000000e+00,  0.00000000e+00, -3.54646772e-01,
       -1.40954092e-01,  2.16309428e-01,  0.00000000e+00,  0.00000000e+00,
        1.03316031e-01,  1.01538286e-01,  0.00000000e+00, -2.73131449e-02,
        0.00000000e+00,  1.86081633e-01,  0.00000000e+00,  4.72557694e-02,
        0.00000000e+00, -5.35414703e-02,  4.58859280e-03,  4.43481244e-02,
        0.00000000e+00, -6.40130565e-02,  1.31601825e-01, -1.72374249e-02,
        0.00000000e+00,  0.00000000e+00,  1.63374797e-01, -1.41960829e-01,
        0.00000000e+00,  0.00000000e+00,  0.00000000e+00,  4.51573506e-02,
       -2.11614370e-02,  0.00000000e+00, -2.44532540e-01, -2.55626202e-01,
       -1.62214324e-01, -5.84542230e-02, -8.70925039e-02,  0.00000000e+00,
        9.49597079e-03,  0.00000000e+00, -3.85409949e-04, -1.13844387e-01,
       -1.72403410e-01,  2.06014112e-01,  0.00000000e+00,  0.00000000e+00,
        0.00000000e+00,  3.07043254e-01,  0.00000000e+00, -2.73968816e-01,
        3.05993676e-01,  2.98410617e-02,  1.28751487e-01,  0.00000000e+00,
        0.00000000e+00,  0.00000000e+00,  0.00000000e+00,  3.24951448e-02,
        0.00000000e+00,  2.02339217e-01,  0.00000000e+00, -9.95797962e-02,
        0.00000000e+00,  2.56791145e-01, -5.77273332e-02,  1.61942050e-01,
        1.57424077e-01,  7.58414492e-02,  1.20619461e-01,  0.00000000e+00,
        0.00000000e+00, -2.36328155e-01,  0.00000000e+00, -2.87742376e-01,
       -1.21998481e-01,  2.03712821e-01, -3.24005604e-01,  0.00000000e+00,
        1.31052360e-01, -1.47033393e-01,  1.95542783e-01,  2.36952722e-01,
       -1.03255190e-01, -1.63058594e-01, -2.83830494e-01, -1.03229627e-01,
       -3.63163054e-02, -1.57346889e-01, -2.00229865e-02,  3.35026272e-02,
        1.29971251e-01, -4.06901240e-02, -3.27645719e-01, -7.93812126e-02,
        0.00000000e+00, -1.93071477e-02,  0.00000000e+00, -2.44076476e-01,
        8.53205286e-03,  1.76071599e-01,  0.00000000e+00, -1.49636149e-01,
        0.00000000e+00, -2.14385882e-01,  1.40201941e-01,  1.99986815e-01,
        0.00000000e+00,  4.54970747e-02,  0.00000000e+00, -2.33063072e-01,
       -4.31854188e-01, -2.45962054e-01, -1.22760475e-01, -1.25205209e-02,
       -4.16026674e-02,  0.00000000e+00,  4.14742343e-02,  3.63690741e-02,
       -8.74558538e-02,  0.00000000e+00, -4.33002710e-02,  0.00000000e+00,
        0.00000000e+00,  4.87047851e-01,  4.53661606e-02,  0.00000000e+00,
        2.26000905e-01,  2.18662992e-01,  0.00000000e+00, -3.73615921e-01,
       -7.69905746e-02,  0.00000000e+00,  0.00000000e+00,  2.22856268e-01,
        3.04174200e-02, -1.19562276e-01,  0.00000000e+00, -2.05246806e-01,
        0.00000000e+00,  0.00000000e+00, -3.88068497e-01, -4.51359570e-01,
        0.00000000e+00, -1.37982547e-01,  3.24653715e-01,  7.90057257e-02,
        0.00000000e+00, -4.08669114e-02,  8.64166766e-02,  0.00000000e+00,
       -1.12386816e-03, -1.68070686e-03,  0.00000000e+00,  0.00000000e+00,
        0.00000000e+00,  0.00000000e+00,  0.00000000e+00,  0.00000000e+00,
       -6.16556220e-02, -9.29149687e-02, -2.10880846e-01,  0.00000000e+00,
        2.64935672e-01,  5.57962433e-02,  3.06694418e-01,  2.29496643e-01,
        0.00000000e+00,  1.15997314e-01, -2.68839091e-01,  8.03179666e-02,
        6.45696223e-02, -2.51319587e-01,  0.00000000e+00,  9.29747373e-02,
        3.29471193e-02, -8.39812979e-02,  0.00000000e+00, -1.23443745e-01,
        2.16239482e-01,  8.23964030e-02,  1.91038579e-01,  0.00000000e+00,
        0.00000000e+00, -2.60546833e-01,  0.00000000e+00,  3.68795991e-01,
       -6.71578869e-02,  2.22523212e-01, -3.01493317e-01, -2.27958634e-01,
        0.00000000e+00, -1.36462167e-01, -3.68751660e-02, -3.15257423e-02,
        2.96936363e-01, -4.51112539e-01, -4.15843040e-01,  0.00000000e+00,
        4.50383216e-01,  0.00000000e+00, -1.55690238e-01,  8.19862708e-02,
        2.06481088e-02,  3.32006425e-01,  3.62397671e-01,  3.26638669e-02,
        0.00000000e+00,  3.94061327e-01,  0.00000000e+00,  0.00000000e+00,
       -4.15554732e-01,  0.00000000e+00, -4.72440906e-02, -2.13967577e-01,
        0.00000000e+00,  1.12838954e-01,  0.00000000e+00, -1.50655672e-01,
        0.00000000e+00,  0.00000000e+00,  7.45762736e-02,  6.17872551e-02,
       -1.00015469e-01,  4.02028076e-02,  0.00000000e+00,  0.00000000e+00,
       -5.33366539e-02,  1.84326753e-01,  2.07320839e-01, -2.87201256e-01,
        2.73778111e-01,  9.66608301e-02, -3.52807902e-02,  0.00000000e+00,
        0.00000000e+00,  2.48260312e-02,  0.00000000e+00,  0.00000000e+00,
        4.27968353e-01,  6.70262352e-02,  0.00000000e+00,  0.00000000e+00,
       -1.55996487e-01, -1.26002222e-01,  0.00000000e+00,  0.00000000e+00,
        2.08028987e-01,  0.00000000e+00,  2.52567053e-01,  1.62253641e-02,
       -2.39752054e-01,  0.00000000e+00, -6.31386116e-02, -1.69568494e-01,
        0.00000000e+00, -1.57052010e-01,  0.00000000e+00,  1.71942309e-01,
        0.00000000e+00, -1.16516136e-01,  1.69311434e-01,  1.84004664e-01,
        5.37283979e-02, -9.02822763e-02,  0.00000000e+00,  0.00000000e+00,
        0.00000000e+00, -1.57625437e-01, -2.05153808e-01,  8.01329836e-02,
        0.00000000e+00,  2.49323949e-01,  0.00000000e+00,  1.08192310e-01,
       -5.24805970e-02,  3.33084539e-02,  0.00000000e+00,  2.47697681e-01,
        0.00000000e+00, -9.84069332e-02,  0.00000000e+00,  2.80576441e-02],
      dtype=float32)]FC Layer, 100 (Glorot Init.) Original_Weights[array([[-0., -0.,  0., ...,  0.,  0., -0.],
       [ 0.,  0.,  0., ...,  0.,  0., -0.],
       [-0.,  0., -0., ..., -0., -0., -0.],
       ...,
       [ 0., -0.,  0., ..., -0.,  0., -0.],
       [ 0.,  0.,  0., ..., -0.,  0., -0.],
       [ 0., -0.,  0., ...,  0., -0.,  0.]], dtype=float32)
 array([ 0.        ,  0.        ,  0.26019683,  0.        ,  0.        ,
        0.00982925, -0.28588486,  0.054316  ,  0.        , -0.08006513,
       -0.05712096, -0.2829115 ,  0.3764845 ,  0.3018596 , -0.03090456,
        0.00667738, -0.27256182, -0.06045904,  0.03837866,  0.        ,
        0.15299277,  0.03334352,  0.4758416 , -0.18181305,  0.2820812 ,
        0.15976548, -0.24311802, -0.29587904,  0.06877996,  0.        ,
        0.32667992,  0.2970067 , -0.13102126, -0.22834018, -0.02683508,
       -0.44608244,  0.20289843, -0.0943232 ,  0.23378745,  0.10380138,
       -0.20698449, -0.04045142, -0.04600926,  0.02560979,  0.08167662,
       -0.08053445, -0.19912796,  0.2589047 ,  0.13733928,  0.        ,
        0.        ,  0.4169025 ,  0.04599067, -0.18469156, -0.02103331,
        0.5750929 ,  0.14156109,  0.        , -0.0069239 ,  0.        ,
        0.07079603,  0.        ,  0.04343453,  0.09756785,  0.12990487,
       -0.00542827,  0.        ,  0.        , -0.00533834,  0.5565787 ,
       -0.23207091,  0.11437573,  0.        , -0.6330178 ,  0.        ,
       -0.15918873,  0.02968111,  0.18326786, -0.15670156, -0.15496084,
       -0.23801659,  0.        ,  0.0686639 ,  0.08369211,  0.        ,
        0.        , -0.08222279, -0.30346873,  0.02909259, -0.18074846,
       -0.46051005,  0.03467354, -0.20172165, -0.10867289, -0.21542005,
       -0.22675651,  0.62598723,  0.07026429,  0.12246238,  0.        ],
      dtype=float32)]FC Layer, 10 (Softmax) Original_Weights[array([[ 0.        , -0.        ,  0.        , -0.        , -0.        ,
        -0.        ,  0.        ,  0.        ,  0.        ,  0.        ],
       [-0.        , -0.        ,  0.        ,  0.        ,  0.        ,
        -0.        ,  0.        ,  0.        , -0.        , -0.        ],
       [-0.        , -0.        , -0.        ,  0.        ,  1.2343135 ,
         0.        ,  0.        ,  1.7594792 , -1.7385414 ,  0.        ],
       [ 0.        ,  0.        , -0.        , -0.        , -0.        ,
        -0.        , -0.        ,  0.        , -0.        , -0.        ],
       [ 0.        ,  0.        , -0.        ,  0.        , -0.        ,
        -0.        ,  0.        ,  0.        , -0.        ,  0.        ],
       [ 0.        ,  0.        , -0.        , -0.        , -0.        ,
         1.4694313 , -1.9043914 ,  0.        , -0.        ,  0.        ],
       [ 0.        , -0.        ,  0.        , -1.9008409 ,  0.        ,
         0.        , -0.        , -1.8554875 , -0.        , -0.        ],
       [-0.        ,  0.        , -0.        , -0.        ,  0.        ,
        -0.        , -0.        , -2.1781516 ,  0.        ,  0.        ],
       [ 0.        , -0.        , -0.        , -0.        ,  0.        ,
         0.        ,  0.        , -0.        , -0.        , -0.        ],
       [ 0.        ,  1.6820679 ,  0.        ,  0.        , -0.        ,
        -0.        ,  2.020796  ,  0.        , -0.        , -0.        ],
       [ 0.        , -0.        , -0.        , -0.        , -0.        ,
         0.        , -1.6981318 ,  0.        , -0.        ,  0.        ],
       [ 0.        , -1.4002197 , -0.        ,  0.        , -0.        ,
        -0.        ,  0.        ,  0.        , -0.        , -0.        ],
       [-1.6634498 ,  0.        , -0.        , -0.        , -0.        ,
         0.        , -0.        ,  0.        , -2.2058506 ,  0.        ],
       [ 0.        ,  0.        , -0.        ,  1.7040622 , -0.        ,
        -0.        ,  0.        , -0.        ,  0.        , -0.        ],
       [ 0.        ,  0.        ,  0.        ,  0.        ,  2.125672  ,
         0.        , -0.        , -0.        , -0.        ,  0.        ],
       [ 0.        ,  0.        ,  0.        , -0.        ,  0.        ,
        -1.9311174 , -0.        ,  0.        , -0.        ,  0.        ],
       [ 0.        ,  0.        , -0.        , -1.8388668 ,  0.        ,
        -0.        , -0.        ,  0.        ,  0.        , -0.        ],
       [-0.        ,  0.        ,  0.        , -0.        , -0.        ,
        -2.276574  , -0.        ,  0.        ,  0.        ,  0.        ],
       [ 0.        , -0.        , -0.        , -0.        ,  0.        ,
         0.        , -0.        ,  0.        , -1.5420421 ,  0.        ],
       [-0.        ,  0.        ,  0.        ,  0.        ,  0.        ,
         0.        ,  0.        , -0.        , -0.        , -0.        ],
       [-1.2735944 , -0.        , -1.5907848 , -0.        , -0.        ,
         0.        ,  0.        ,  0.        , -0.        , -0.        ],
       [ 0.        ,  0.        , -1.656674  , -0.        , -0.        ,
        -0.        ,  1.8736722 ,  0.        , -0.        ,  0.        ],
       [ 0.        ,  0.        ,  1.7671697 , -0.        , -0.        ,
        -0.        , -0.        ,  0.        , -0.        ,  0.        ],
       [ 0.        , -2.1320908 , -0.        ,  0.        ,  1.3244061 ,
        -0.        ,  0.        , -0.        , -0.        ,  0.        ],
       [-0.        ,  0.        , -0.        ,  0.        , -0.        ,
        -0.        ,  0.        ,  1.4424127 , -0.        , -0.        ],
       [-1.5851166 , -0.        , -0.        ,  0.        , -0.        ,
         0.        , -1.599693  , -0.        ,  0.        ,  0.        ],
       [-0.        , -0.        ,  0.        , -0.        ,  2.0901446 ,
        -0.        , -0.        , -1.8608041 ,  0.        ,  0.        ],
       [-0.        , -1.3355955 ,  0.        , -0.        , -0.        ,
        -0.        ,  0.        , -0.        ,  1.8206745 ,  0.        ],
       [ 0.        , -0.        ,  0.        , -2.179389  , -0.        ,
         0.        ,  0.        , -0.        , -0.        , -0.        ],
       [ 0.        ,  0.        , -0.        , -0.        ,  0.        ,
        -0.        , -0.        ,  0.        ,  0.        , -0.        ],
       [-0.        ,  0.        ,  0.        ,  0.        , -0.        ,
         0.        ,  0.        , -0.        , -2.1230867 , -0.        ],
       [ 0.        , -0.        ,  0.        , -1.6316189 ,  1.8471224 ,
         0.        , -0.        ,  0.        , -0.        ,  2.0062923 ],
       [-0.        , -2.1917818 , -1.3001386 , -0.        , -0.        ,
         0.        ,  0.        ,  0.        ,  0.        , -0.        ],
       [ 0.        , -0.        ,  0.        ,  0.        , -0.        ,
        -2.0260623 ,  0.        , -0.        , -0.        , -0.        ],
       [ 1.7524235 ,  0.        ,  0.        ,  0.        , -0.        ,
         0.        ,  0.        ,  0.        , -0.        , -0.        ],
       [ 2.123901  , -0.        , -0.        ,  0.        ,  0.        ,
        -0.        ,  1.769491  ,  0.        , -0.        , -0.        ],
       [-0.        , -0.        , -0.        , -1.6690974 , -0.        ,
        -0.        ,  0.        ,  0.        , -0.        , -0.        ],
       [ 0.        , -0.        ,  0.        ,  0.        ,  0.        ,
         0.        ,  0.        , -0.        , -0.        , -0.        ],
       [-0.        ,  1.7508271 ,  0.        ,  0.        , -0.        ,
         0.        , -0.        , -0.        ,  0.        , -0.        ],
       [ 0.        ,  2.1578755 ,  0.        ,  0.        ,  0.        ,
         0.        , -0.        , -0.        , -0.        , -0.        ],
       [ 0.        ,  0.        , -0.        , -0.        , -0.        ,
        -1.8861413 , -2.2605436 ,  0.        , -0.        ,  0.        ],
       [-0.        , -0.        ,  0.        ,  0.        ,  1.6826782 ,
         0.        ,  0.        , -0.        , -0.        ,  0.        ],
       [-0.        ,  0.        ,  1.511614  , -0.        ,  0.        ,
         0.        ,  0.        , -0.        ,  0.        , -0.        ],
       [ 0.        , -0.        , -0.        ,  0.        , -0.        ,
        -0.        ,  0.        , -0.        ,  0.        ,  1.7201576 ],
       [ 0.        ,  0.        ,  0.        , -0.        , -1.6632571 ,
        -0.        , -0.        ,  0.        ,  0.        ,  0.        ],
       [-0.        , -0.        ,  0.        ,  0.        , -0.        ,
        -1.955297  ,  0.        , -0.        , -0.        ,  0.        ],
       [ 0.        , -0.        , -1.7637148 , -1.4857196 , -0.        ,
        -0.        ,  0.        ,  0.        ,  0.        ,  0.        ],
       [ 0.        ,  0.        , -0.        , -0.        ,  0.        ,
        -0.        , -0.        ,  0.        , -1.7085009 ,  0.        ],
       [-0.        ,  0.        ,  0.        , -0.        ,  0.        ,
        -0.        , -0.        ,  0.        ,  2.0950458 , -1.7317466 ],
       [ 0.        , -0.        , -0.        , -0.        , -0.        ,
        -0.        ,  0.        ,  0.        ,  0.        ,  0.        ],
       [ 0.        ,  0.        , -0.        , -0.        ,  0.        ,
         0.        , -0.        ,  0.        ,  0.        , -0.        ],
       [ 0.        ,  0.        ,  1.6244043 ,  0.        , -1.4191201 ,
         0.        , -0.        ,  0.        , -0.        ,  0.        ],
       [-0.        , -0.        , -1.7531433 ,  0.        ,  0.        ,
         0.        ,  0.        , -0.        , -0.        , -0.        ],
       [-0.        , -0.        ,  0.        ,  0.        , -0.        ,
         0.        ,  0.        , -0.        , -0.        , -0.        ],
       [-0.        ,  0.        ,  0.        ,  0.        , -0.        ,
        -0.        , -0.        ,  0.        ,  0.        , -0.        ],
       [-0.        ,  0.        , -0.        ,  0.        ,  0.        ,
         1.8697729 ,  1.7445123 , -0.        ,  0.        , -0.        ],
       [-0.        ,  2.8632178 ,  0.        ,  0.        , -0.        ,
         0.        ,  0.        , -0.        , -0.        , -0.        ],
       [-0.        ,  0.        , -0.        , -0.        ,  0.        ,
        -0.        ,  0.        ,  0.        , -0.        ,  0.        ],
       [-0.        , -0.        ,  0.        ,  0.        ,  0.        ,
        -0.        ,  0.        , -1.475548  ,  0.        , -0.        ],
       [ 0.        , -0.        ,  0.        ,  0.        , -0.        ,
         0.        , -0.        , -0.        ,  0.        , -0.        ],
       [-0.        , -0.        ,  0.        ,  0.        ,  0.        ,
         1.5705335 , -0.        , -0.        ,  0.        , -0.        ],
       [-0.        , -0.        ,  0.        ,  0.        , -0.        ,
        -0.        , -0.        ,  0.        , -0.        ,  0.        ],
       [ 0.        ,  0.        ,  0.        , -0.        ,  0.        ,
        -0.        , -0.        ,  0.        ,  0.        , -1.8893164 ],
       [ 1.5930983 , -0.        ,  0.        ,  0.        ,  0.        ,
         0.        ,  0.        , -0.        , -0.        , -0.        ],
       [-0.        , -0.        ,  1.9248872 ,  0.        ,  0.        ,
        -0.        ,  0.        , -0.        , -0.        ,  0.        ],
       [ 0.        , -0.        ,  0.        ,  0.        ,  0.        ,
         0.        , -0.        , -0.        , -0.        , -0.        ],
       [ 0.        ,  0.        , -0.        ,  0.        ,  0.        ,
        -0.        , -0.        , -0.        , -0.        ,  0.        ],
       [-0.        , -0.        ,  0.        ,  0.        , -0.        ,
         0.        , -0.        , -0.        , -0.        ,  0.        ],
       [-0.        , -0.        , -0.        ,  0.        , -0.        ,
         0.        ,  0.        , -0.        ,  0.        ,  1.8126631 ],
       [-0.        ,  0.        ,  0.        , -0.        , -0.        ,
         0.        ,  0.        ,  2.260914  ,  0.        , -0.99541026],
       [-0.        ,  0.        ,  0.        ,  0.        ,  0.        ,
        -0.        ,  2.4297128 , -1.4136863 ,  0.        , -0.        ],
       [-0.        ,  0.        , -0.        ,  0.        ,  0.        ,
         1.795501  , -0.        , -1.2270541 ,  0.        ,  0.        ],
       [ 0.        ,  0.        , -0.        ,  0.        , -0.        ,
        -0.        , -0.        ,  0.        ,  0.        ,  0.        ],
       [ 0.        ,  0.        ,  0.        ,  0.        , -0.        ,
        -0.        , -1.3516786 ,  0.        , -0.        ,  0.        ],
       [-0.        ,  0.        , -0.        ,  0.        , -0.        ,
        -0.        ,  0.        , -0.        , -0.        ,  0.        ],
       [ 2.3609197 , -0.        , -0.        ,  0.        ,  0.        ,
        -0.        ,  2.6871502 ,  0.        , -0.        ,  0.        ],
       [ 0.        ,  0.        , -0.        , -2.2312438 ,  0.        ,
        -2.6651678 , -0.        ,  0.        , -0.        , -0.        ],
       [ 1.8316096 ,  0.        , -0.        ,  0.        , -0.        ,
         0.        ,  0.        , -0.        , -1.9083327 , -0.        ],
       [-0.        , -2.6774192 ,  0.        , -0.        , -2.0484953 ,
        -0.        ,  0.        , -0.        ,  0.        ,  0.        ],
       [-0.        ,  2.017739  ,  0.        , -0.        ,  0.        ,
        -2.1480393 , -0.        ,  0.        ,  0.        , -0.        ],
       [-0.        , -0.        , -0.        ,  0.        ,  0.        ,
        -1.8269446 ,  0.        , -0.        , -0.        , -0.        ],
       [-0.        ,  0.        , -0.        , -0.        , -0.        ,
        -0.        ,  0.        , -0.        ,  0.        ,  0.        ],
       [-1.6052732 ,  0.        ,  0.        , -0.        ,  0.        ,
        -0.        , -0.        ,  0.        ,  0.        ,  0.        ],
       [-0.        , -0.        , -0.        ,  0.        ,  0.        ,
         1.2963581 , -0.        ,  0.        , -0.        , -0.        ],
       [ 0.        ,  0.        ,  0.        , -0.        ,  0.        ,
         0.        ,  0.        ,  0.        , -0.        , -0.        ],
       [ 0.        ,  0.        ,  0.        , -0.        , -0.        ,
         0.        , -0.        , -0.        , -0.        , -0.        ],
       [-0.        , -0.        , -0.        ,  1.291476  , -0.        ,
         0.        , -0.        , -0.        , -0.        , -0.        ],
       [-0.        ,  0.        , -0.        , -1.6086831 ,  0.        ,
        -0.        , -0.        ,  0.        ,  1.454173  , -0.        ],
       [ 0.        , -0.        ,  0.        , -0.        , -0.        ,
        -0.        , -0.        ,  0.        , -0.        ,  0.        ],
       [ 0.        , -0.        , -1.5445721 , -0.        , -0.        ,
        -0.        , -0.        ,  0.        ,  0.        ,  1.7022526 ],
       [ 0.        ,  0.        ,  0.        , -0.        ,  0.        ,
         0.        , -0.        , -1.62551   ,  0.        , -0.        ],
       [-0.        ,  0.        ,  0.        , -0.        , -0.        ,
        -0.        , -0.        , -0.        ,  0.        , -2.198118  ],
       [ 0.        ,  0.        ,  0.        , -0.        , -2.0134022 ,
        -0.        ,  0.        , -0.        ,  0.        ,  2.041303  ],
       [ 0.        , -0.        ,  2.014372  , -0.        ,  0.        ,
         0.        ,  0.        , -0.        , -0.        ,  0.        ],
       [ 0.        , -0.        , -0.        ,  0.        , -2.4207702 ,
         0.        ,  0.        , -0.        , -0.        ,  0.        ],
       [ 2.297076  , -0.        , -0.        ,  0.        , -0.        ,
        -0.        ,  0.        , -0.        ,  0.        ,  1.1378366 ],
       [-1.9344954 , -0.        ,  0.        , -0.        , -0.        ,
         0.        , -2.3463645 , -0.        ,  0.        ,  0.        ],
       [-0.        ,  1.8202926 ,  0.        , -0.        ,  0.        ,
         0.        , -0.        , -0.        ,  0.        , -0.        ],
       [ 0.        ,  0.        ,  1.5606183 ,  0.        , -0.        ,
         0.        ,  0.        , -0.        ,  0.        , -0.        ],
       [ 0.        ,  0.        , -0.        ,  0.        , -0.        ,
        -0.        , -0.        , -0.        ,  0.        ,  0.        ]],
      dtype=float32)
 array([ 0.11198786,  0.32659498,  0.18495557,  0.11684301, -0.08696281,
        0.41674507, -0.03952212,  0.27420923, -0.78401816, -0.3443885 ],
      dtype=float32)]