FC Layer, 300 (Glorot Init.) Original_Weights[array([[ 0.,  0.,  0., ..., -0.,  0.,  0.],
       [ 0., -0., -0., ..., -0.,  0., -0.],
       [ 0.,  0., -0., ..., -0., -0., -0.],
       ...,
       [ 0.,  0., -0., ...,  0.,  0.,  0.],
       [ 0., -0., -0., ...,  0.,  0., -0.],
       [-0., -0., -0., ..., -0., -0., -0.]], dtype=float32)
 array([-0.02880912,  0.08410826,  0.12128548,  0.07554173, -0.02149044,
       -0.07763771,  0.07396375,  0.1142709 , -0.00141051,  0.1973067 ,
       -0.02831948, -0.09676233,  0.1337759 , -0.03936509, -0.08628351,
        0.06830885,  0.08559828, -0.05525044,  0.00331621,  0.09306869,
       -0.06941054, -0.12580496, -0.01336467, -0.02986021,  0.20087306,
        0.03359538, -0.17599139,  0.02482351, -0.02606685,  0.13870089,
        0.08431417,  0.13352387,  0.01586366, -0.12423673, -0.10894731,
        0.07373807,  0.        , -0.1163863 ,  0.02494089, -0.23261331,
        0.07414554,  0.03583188, -0.00807031, -0.02016662,  0.0264041 ,
       -0.02703912,  0.11001862, -0.01919191, -0.11549611,  0.07363845,
       -0.2215818 , -0.10942711, -0.04209741, -0.09475845, -0.10111448,
        0.112646  ,  0.09230108, -0.04505566,  0.11073338,  0.04881971,
       -0.04905274, -0.06529042, -0.12521774,  0.06577513, -0.00544538,
       -0.10918485, -0.0025352 , -0.02434526,  0.08153352,  0.07141947,
       -0.15446852,  0.00512165,  0.06366171, -0.04413484,  0.03372776,
        0.14159837, -0.08959803, -0.04662986,  0.17609568,  0.10985194,
       -0.01703407,  0.04196921,  0.22951777,  0.02725354, -0.13533297,
        0.13273595,  0.2304252 , -0.12185653, -0.04496372, -0.12665153,
        0.04804404, -0.05792739, -0.02233349,  0.12346735,  0.07345852,
       -0.19720805, -0.09195659,  0.11450921,  0.02974457,  0.06755941,
       -0.12958789, -0.02013096, -0.03032595, -0.14675453,  0.05647678,
       -0.00706411, -0.08273558,  0.02943963, -0.0600922 ,  0.04925049,
       -0.03379004, -0.0317052 , -0.00732409, -0.00795999,  0.05112521,
        0.00880536, -0.14159417, -0.08395503,  0.04345684,  0.06434309,
       -0.02531166, -0.16604829,  0.02477922,  0.15434955,  0.05783226,
        0.22812495, -0.07132593,  0.09030931, -0.18179189, -0.05897805,
        0.03544284,  0.00519771, -0.05635331,  0.09655577,  0.05436036,
       -0.03723846,  0.0878184 ,  0.14319421,  0.02243023, -0.08783672,
       -0.04775196, -0.04075063, -0.03251198,  0.1078961 ,  0.05927811,
        0.07468644, -0.01245668, -0.11141238, -0.00659784,  0.05440859,
       -0.00194658, -0.03350963,  0.04785376,  0.09028169, -0.12930651,
        0.13099696, -0.03234676, -0.0108357 , -0.0303668 , -0.02057565,
       -0.1213562 , -0.09534688, -0.07703096,  0.08286189, -0.08718731,
       -0.19138138, -0.01763907, -0.00562057, -0.04812785, -0.00499333,
       -0.15075588,  0.05163405, -0.10414004, -0.08643229,  0.23468046,
        0.07536025, -0.01808208, -0.11557595,  0.02310231,  0.03567347,
        0.12735893,  0.07998063,  0.00682322, -0.00438283,  0.0659745 ,
       -0.03635574,  0.06754058, -0.11179423,  0.16449568, -0.15658607,
        0.02873459, -0.10616823,  0.19905701, -0.01359344, -0.08793052,
       -0.00657547,  0.01475761, -0.0279194 ,  0.22178799,  0.04212805,
        0.04978359, -0.12875366, -0.00085919,  0.15035994, -0.08725472,
        0.05589354,  0.10986943,  0.01400164,  0.06323843,  0.04343073,
       -0.10133205,  0.1129503 ,  0.03741385, -0.07503785, -0.09765477,
        0.0268399 ,  0.03431176,  0.02145505,  0.01207341, -0.04736727,
       -0.02772477,  0.12941259, -0.08520369,  0.07081254,  0.07301705,
       -0.03005154,  0.08146051,  0.00460019, -0.07062584,  0.07250514,
       -0.04484735,  0.02030922,  0.03333901,  0.05021897,  0.11476679,
       -0.10680623,  0.13206422, -0.23764084, -0.07350983,  0.1315064 ,
       -0.10869474,  0.06781192,  0.05052635, -0.13370241,  0.01003127,
        0.03825084,  0.17316024, -0.1357136 , -0.06375495,  0.0344969 ,
        0.13029449,  0.03555473, -0.09884404, -0.00826468,  0.02974318,
        0.04865995,  0.09103815,  0.16711742,  0.01076434, -0.04086211,
       -0.00190697, -0.07335228,  0.11442369, -0.16539739, -0.01836657,
        0.03622071, -0.05857433, -0.03129368, -0.09811863,  0.05479449,
       -0.15601169, -0.01450996,  0.06242134, -0.16480003,  0.03353668,
       -0.01215965, -0.01267637,  0.0620478 , -0.00562156, -0.03550718,
       -0.05702613, -0.04667671,  0.07670167, -0.05547578,  0.04981954,
       -0.1229494 ,  0.00860054, -0.04003776,  0.22971341,  0.13094762,
       -0.04374287,  0.0618539 ,  0.03687944, -0.00706945,  0.16446991,
        0.09774654, -0.02129742, -0.05713823, -0.03058356,  0.02651324],
      dtype=float32)]FC Layer, 100 (Glorot Init.) Original_Weights[array([[ 0.        , -0.        , -0.        , ...,  0.        ,
         0.        ,  0.        ],
       [-0.        , -0.        ,  0.        , ..., -0.        ,
         0.        , -0.45814827],
       [ 0.        ,  0.23790495,  0.        , ..., -0.        ,
        -0.        , -0.        ],
       ...,
       [ 0.31306395, -0.        ,  0.        , ...,  0.26959363,
         0.        , -0.        ],
       [ 0.23594655,  0.2509662 , -0.        , ...,  0.        ,
         0.        ,  0.        ],
       [ 0.        , -0.        ,  0.3166931 , ...,  0.        ,
         0.        ,  0.        ]], dtype=float32)
 array([-0.0591823 ,  0.04836617,  0.13936985, -0.02613551,  0.05955086,
        0.1677808 , -0.02063648,  0.03770007, -0.24269404,  0.09259559,
        0.0137986 , -0.1362121 ,  0.18510544,  0.14669132, -0.05892133,
       -0.0333299 , -0.01123087, -0.07714191,  0.22538318,  0.25060537,
        0.00846318,  0.19343875,  0.1192049 , -0.15324137,  0.19421177,
        0.17037557, -0.06123768, -0.21158685, -0.13661328, -0.1908032 ,
        0.14719883,  0.04780243, -0.1331737 , -0.13348353,  0.06294023,
       -0.09285531,  0.08568961, -0.15448627,  0.04576299,  0.03982589,
       -0.10234027,  0.05417339, -0.07866981,  0.03908878, -0.05612423,
       -0.15287942, -0.09769931,  0.16021411, -0.04345559, -0.04871266,
       -0.05930419, -0.04270479,  0.12378504, -0.07133716,  0.09119061,
        0.09812451, -0.0403236 , -0.09172197, -0.00992982, -0.03679532,
        0.14941406, -0.06994969, -0.00714166, -0.20546474, -0.14025019,
       -0.01093165, -0.03027444,  0.19760574, -0.04453757,  0.02328978,
       -0.03296787,  0.06449708, -0.05207419, -0.02640885, -0.14732227,
       -0.14843832, -0.11541211,  0.05929277, -0.18145694, -0.00931294,
        0.02324356, -0.15458713,  0.08865441,  0.05685103,  0.11743576,
       -0.20318978, -0.05263169, -0.01975978, -0.14743339, -0.00677933,
       -0.07626927, -0.08781729, -0.07388978,  0.14036159,  0.03089486,
       -0.10585601,  0.03952405,  0.08702476, -0.00576144, -0.0795303 ],
      dtype=float32)]FC Layer, 10 (Softmax) Original_Weights[array([[ 0.69325954,  0.        , -0.66253257, -0.        , -0.881994  ,
        -0.        ,  0.        , -0.        , -0.        ,  0.72795326],
       [-0.        ,  0.        , -0.81172186, -0.5403568 ,  0.5074274 ,
         0.74739605,  0.        , -0.        , -0.        ,  0.        ],
       [-0.        ,  0.        , -0.        , -0.        ,  0.6960984 ,
         0.        , -0.        ,  0.8726825 , -0.71558857,  0.        ],
       [-0.        , -0.        ,  0.9809536 , -0.66956526,  0.        ,
        -0.76635766,  0.        ,  0.63457286, -0.        , -0.        ],
       [-0.        ,  0.        ,  0.        , -0.76651573, -0.        ,
        -0.        , -0.        , -0.        ,  0.        ,  0.8348022 ],
       [ 0.        ,  0.74940395,  0.        ,  0.        , -0.        ,
         0.90627915, -1.0949092 , -0.        ,  0.        ,  0.        ],
       [ 0.        ,  0.        ,  0.        , -0.85329443, -0.        ,
         0.6938479 , -0.        , -0.887993  ,  0.        ,  0.        ],
       [-0.67222255,  0.        ,  0.        ,  0.        , -0.        ,
        -0.        ,  0.        , -0.9356015 ,  0.        ,  0.        ],
       [ 0.        , -0.7232806 , -1.0743309 ,  0.8959347 , -0.        ,
        -0.        ,  0.6534585 , -0.67281246,  0.7357682 ,  0.        ],
       [ 0.9265543 ,  0.8452461 ,  0.        , -0.        ,  0.        ,
         0.        ,  1.1243726 ,  0.        , -0.        , -0.        ],
       [ 0.        ,  0.        ,  0.        ,  0.        , -0.        ,
        -0.85852504, -0.91758233, -0.        ,  0.        ,  0.        ],
       [-0.        , -0.6839193 ,  0.        , -0.        ,  0.        ,
         0.        ,  0.        , -0.        ,  0.7559054 , -0.        ],
       [-0.84728765,  0.        ,  0.        ,  0.5209172 , -0.        ,
         0.91748357, -0.        , -0.        , -1.0816592 ,  0.        ],
       [ 0.        ,  0.        ,  0.86191297,  0.9912898 ,  0.        ,
         0.        , -0.70320076,  0.59901136, -0.9487402 , -0.        ],
       [-0.        , -0.72197354,  0.83169395,  0.        ,  0.93852997,
         0.        ,  0.        ,  0.        , -0.        , -0.52920043],
       [ 0.        , -0.65334874,  0.66866696,  0.        , -0.        ,
        -0.9025704 , -0.        , -0.        ,  0.        ,  0.        ],
       [ 0.        ,  0.        , -0.        , -0.86391413, -0.        ,
        -0.6974338 , -0.        , -0.        , -0.        ,  0.57284266],
       [-0.        ,  0.        ,  0.        ,  0.5948559 , -1.0078787 ,
        -0.9488973 , -0.        , -0.        ,  0.        ,  0.8795605 ],
       [-0.64564157,  0.        , -0.        ,  0.        ,  0.64610636,
         0.        ,  0.        ,  0.7513748 , -0.976702  , -0.        ],
       [ 0.6382159 , -0.        , -0.        , -0.        , -0.        ,
        -0.        ,  0.7145116 ,  0.7543782 , -0.8051539 ,  0.        ],
       [-0.85941184,  0.        , -0.9907002 ,  0.5410555 , -0.        ,
        -0.        , -0.        , -0.        , -0.        ,  0.        ],
       [-0.        ,  0.61493677, -0.7811257 , -0.        , -0.        ,
        -0.        ,  1.0865664 ,  0.        ,  0.        ,  0.        ],
       [-1.0490077 ,  0.6043037 ,  0.8243803 , -0.        ,  0.        ,
         0.        , -0.        , -0.        , -0.        , -0.61290556],
       [-0.        , -0.96617156, -0.        , -0.        ,  0.69380903,
         0.        , -0.        ,  0.        , -0.        ,  0.6923865 ],
       [ 0.        ,  0.778454  ,  0.        ,  0.        ,  0.        ,
        -0.        , -0.        ,  0.91088814,  0.        , -0.75996065],
       [-1.1469842 ,  0.        ,  0.        , -0.        , -0.        ,
         0.        , -0.89372504, -0.        , -1.0115364 ,  0.6595782 ],
       [ 0.        , -0.        , -0.        , -0.61014616,  0.7812354 ,
         0.        ,  0.        , -1.0454113 ,  0.        ,  0.        ],
       [ 0.        , -0.83071506, -0.7885706 ,  0.680696  , -0.        ,
         0.        ,  0.        ,  0.        ,  0.9204628 ,  0.        ],
       [ 0.6730222 , -0.7698519 , -0.        , -0.785781  ,  0.73840606,
        -0.        ,  0.        ,  0.        ,  0.57194316,  0.        ],
       [-0.        , -0.77964896,  0.        ,  0.        ,  0.        ,
         0.        ,  0.        , -0.        ,  0.8312007 , -0.        ],
       [-0.        , -0.        , -0.        ,  0.        ,  0.        ,
         0.        , -0.        ,  1.3413427 , -0.6206765 , -0.6008834 ],
       [-0.6634106 ,  0.        , -0.        , -0.6411169 ,  0.9925586 ,
         0.        ,  0.        , -0.        , -0.58151215,  1.2170043 ],
       [ 0.        , -0.8478214 , -0.9903036 ,  0.6472944 , -0.        ,
         0.        ,  0.        , -0.        , -0.        ,  0.        ],
       [ 0.        , -0.76306725,  0.68895084,  0.        , -0.        ,
        -0.910918  , -0.        ,  0.        ,  0.711883  ,  0.        ],
       [ 0.6721849 ,  0.        ,  0.        ,  0.        ,  0.        ,
        -0.71220267,  0.60383403, -0.        , -0.6413576 , -0.5755963 ],
       [ 0.6987317 , -0.        ,  0.        ,  0.        ,  0.        ,
        -0.74568015,  0.947739  ,  0.        , -0.5541804 , -0.        ],
       [ 0.7288082 , -0.        , -0.6246939 , -0.64007443, -0.        ,
        -0.        ,  0.78848743,  0.        , -0.        ,  0.        ],
       [ 0.8469319 , -0.6453677 ,  0.        , -0.        ,  0.        ,
         0.        ,  0.82556176, -0.6438043 , -0.        , -0.        ],
       [ 0.        ,  0.8916366 ,  0.        ,  0.        ,  0.        ,
         0.        , -0.        ,  0.86200064,  0.        , -0.7273614 ],
       [-0.        ,  0.98092645, -0.82596   ,  0.6389251 ,  0.        ,
        -0.        , -0.        ,  0.        ,  0.        , -0.        ],
       [ 0.        ,  0.        ,  0.54785556,  0.        , -0.        ,
        -0.85119975, -1.0200858 , -0.        , -0.        ,  0.        ],
       [-0.        , -0.        , -0.58241785, -0.        ,  0.63336986,
         0.55071187,  0.        ,  0.        , -0.        , -0.5465871 ],
       [-0.        , -0.        ,  0.77310956, -0.        ,  0.7262518 ,
         0.        ,  0.        ,  0.        , -0.        , -0.        ],
       [ 0.        ,  0.        , -0.        ,  0.        , -0.9388158 ,
         0.4958335 , -0.        , -0.        , -0.6915726 ,  1.2371348 ],
       [ 0.93840367,  0.        ,  0.        , -0.        , -1.0542306 ,
        -0.        ,  0.        , -0.        ,  0.        ,  0.99205136],
       [-0.7535888 , -0.70951223,  0.        , -0.        , -0.        ,
        -0.71994615,  0.        ,  0.        , -0.        ,  0.        ],
       [ 0.5816064 ,  0.        , -0.6542849 , -0.6835977 , -0.        ,
         0.        ,  0.        , -0.        , -0.        ,  0.853975  ],
       [ 0.        ,  0.        ,  0.8774711 , -0.7489252 ,  0.        ,
        -0.63181984,  0.        ,  1.0227534 , -0.8869167 , -0.        ],
       [-0.93111724,  0.54708946,  0.        ,  0.        ,  0.        ,
         0.        , -0.        , -0.        ,  0.89787793, -0.7448889 ],
       [-0.        ,  0.5660437 , -0.        ,  0.        , -0.8945129 ,
         0.        , -0.        , -0.        ,  0.630948  , -0.        ],
       [ 0.        , -0.        ,  0.        , -0.62986815,  0.        ,
        -0.        ,  0.5731104 , -0.84518087,  0.        , -0.        ],
       [-0.        , -0.        ,  0.88096523,  0.56706333, -0.8700621 ,
        -0.        , -0.        ,  0.        ,  0.7665146 , -0.        ],
       [-0.        , -0.        , -0.90522814, -0.        ,  0.        ,
         0.7891901 ,  0.5519679 ,  0.        , -0.66741073, -0.        ],
       [ 0.        , -0.        ,  0.7897207 , -0.        , -0.        ,
        -0.64373064, -0.        , -0.74549586,  0.        ,  0.        ],
       [ 0.        ,  0.        ,  0.        , -0.        , -0.86802673,
        -0.        , -0.73267627, -0.        , -0.        , -0.        ],
       [ 0.        , -0.        , -0.        , -0.        ,  0.        ,
         1.3256747 ,  0.95404655,  0.        , -0.        , -0.        ],
       [-0.        ,  1.060882  , -0.5159393 , -0.        ,  0.65718055,
         0.        , -0.        , -0.        , -0.        ,  0.        ],
       [-0.5774909 , -0.67987454, -0.        , -0.8518675 , -0.        ,
         0.        ,  0.        ,  0.        ,  0.6564855 ,  0.        ],
       [ 0.        ,  0.        ,  0.        , -0.        ,  0.6055329 ,
         0.5285071 , -0.8586584 , -0.94003624,  0.        ,  0.        ],
       [-0.        ,  0.        ,  0.        ,  0.        ,  0.        ,
         0.        , -0.        , -0.        , -0.        , -0.7271133 ],
       [-0.        , -0.        , -0.        , -0.        , -0.85706145,
         1.1270679 ,  0.6030425 ,  0.        , -0.        , -0.        ],
       [ 0.        ,  0.        , -0.65644544, -0.        ,  0.7766111 ,
        -0.        , -0.        ,  0.5602917 ,  0.        ,  0.        ],
       [ 0.        , -0.        ,  0.9312044 ,  0.        ,  0.        ,
        -0.        , -0.        ,  0.        ,  0.875684  , -0.94627255],
       [ 0.88124883, -0.6074314 ,  0.        ,  0.        ,  0.5323652 ,
        -0.        , -0.79670864, -0.        , -0.        ,  0.61135054],
       [-0.        , -0.690013  ,  1.236234  ,  0.        ,  0.        ,
         0.        ,  0.        , -0.7388857 , -0.        , -0.        ],
       [ 0.        ,  0.        ,  0.        , -0.79549056,  0.        ,
        -0.61881757,  1.0333549 , -0.        ,  0.6125177 , -0.        ],
       [-0.5025728 ,  0.        ,  0.8047754 ,  0.        , -0.51315874,
        -0.        , -0.        , -0.7583429 ,  0.        ,  0.66867125],
       [-0.        ,  0.        ,  0.        , -0.        ,  0.        ,
         0.8925787 , -0.        , -0.        ,  0.        , -0.        ],
       [ 0.        ,  0.        , -0.        , -0.63401765, -0.7461791 ,
         0.        ,  0.        , -0.        ,  0.76569146,  1.205529  ],
       [ 0.56853485,  0.        ,  0.        ,  0.        ,  0.        ,
        -0.        , -0.        ,  0.90975946, -0.        , -0.8231041 ],
       [-0.        ,  0.7791971 , -0.        , -0.5295761 , -0.        ,
        -0.5859022 ,  1.524832  , -0.6315808 ,  0.        ,  0.        ],
       [ 0.        , -0.        , -0.5786638 , -0.        , -0.65084416,
         0.8179029 ,  0.        , -0.83568835, -0.5974949 ,  0.        ],
       [ 1.2923244 ,  0.        , -0.        , -0.62939066, -0.        ,
        -0.        , -0.7114526 , -0.        , -0.        ,  0.        ],
       [ 0.754416  , -0.        ,  0.5037773 ,  1.0920339 ,  0.        ,
        -0.83801454, -1.1092905 ,  0.        , -0.598885  , -0.        ],
       [ 0.5713299 ,  0.        , -0.7532304 , -0.        ,  0.60824835,
        -0.6498965 ,  0.        , -0.        ,  0.50344616,  0.62741846],
       [ 1.3691049 , -0.        , -0.72063833, -0.        ,  0.        ,
         0.        ,  1.3795955 ,  0.        , -0.        , -0.        ],
       [ 0.        , -0.        , -0.7157207 , -0.88127846, -0.        ,
        -0.662323  ,  0.59284127,  0.58804756,  0.8792998 ,  0.        ],
       [ 0.8568898 ,  0.        ,  0.75318396,  0.        ,  0.        ,
         0.        ,  0.        , -0.        , -0.95496285, -0.        ],
       [ 0.        , -0.9802886 , -0.        ,  0.        , -1.055538  ,
         0.        ,  0.        , -0.        ,  0.81348795,  0.        ],
       [ 0.        ,  0.98340493, -0.        ,  0.        ,  0.9631109 ,
        -1.0540925 ,  0.        , -0.        , -0.        ,  0.        ],
       [-0.        ,  0.        , -0.        ,  0.        , -0.        ,
        -0.91715914,  0.        ,  0.92626166, -0.        ,  0.        ],
       [-0.        ,  0.        , -0.        ,  0.        , -0.6892185 ,
        -0.88281053, -0.        , -0.6919325 ,  0.68944234, -0.        ],
       [-0.8872007 ,  0.        ,  0.        ,  0.95852065, -0.        ,
        -0.        ,  0.6530112 , -0.        ,  0.        , -0.9179647 ],
       [-0.        ,  0.5933488 ,  0.        , -0.6497282 , -0.        ,
         0.7208878 , -0.7042103 , -0.        ,  0.        ,  0.        ],
       [-0.        , -0.        , -0.        ,  0.7539154 ,  0.        ,
         0.        ,  0.7360065 ,  0.        , -0.        , -0.        ],
       [ 0.        , -0.6789618 , -0.65474784, -0.        ,  0.59023666,
        -0.7557072 , -0.        ,  0.        , -0.        ,  0.        ],
       [-0.        ,  0.7062645 ,  0.        ,  0.8393237 ,  0.        ,
        -0.9952422 , -0.        ,  0.        , -0.        , -0.        ],
       [ 0.        ,  0.        ,  0.        , -0.7360825 ,  0.        ,
        -0.        ,  0.        , -0.        ,  0.7185885 , -0.        ],
       [-0.6893362 , -1.0224459 , -0.        ,  0.53898674, -0.        ,
         0.        , -0.        , -0.        , -0.        ,  0.        ],
       [-0.6351487 , -0.        , -0.8149873 , -0.        , -0.        ,
         0.6113245 ,  0.        , -1.0342636 ,  0.        ,  0.76797014],
       [ 0.5408416 , -0.        ,  0.        , -0.55083716,  0.        ,
        -0.        ,  0.        , -0.91301477,  0.8302068 , -0.5235398 ],
       [ 0.66875964,  0.        ,  0.8480861 ,  0.        ,  0.        ,
         0.        , -0.        , -0.        , -0.        , -0.629607  ],
       [ 0.        , -0.64015055,  0.        ,  0.        , -0.9606718 ,
         0.        ,  0.        ,  0.5879665 , -0.        ,  0.9887791 ],
       [ 0.        , -0.        ,  0.9242454 ,  0.        ,  0.        ,
         0.6318665 ,  0.        , -0.74243814,  0.        , -0.        ],
       [ 0.        , -0.        ,  0.        ,  0.5433377 , -0.81738347,
        -0.        , -0.97962004, -0.        ,  0.        ,  0.8390373 ],
       [ 0.8703571 , -0.        , -0.        ,  0.        , -0.6701267 ,
         0.        ,  0.        ,  0.        , -0.        ,  0.7191905 ],
       [-0.747855  ,  0.        , -0.8281544 ,  0.5788043 , -0.        ,
         0.        , -0.64902675, -0.        , -0.        ,  0.        ],
       [-0.        ,  1.2130479 , -0.        , -0.        ,  0.738831  ,
         0.        ,  0.        ,  0.        , -0.        , -0.        ],
       [-0.        , -0.        ,  1.1786269 , -0.        ,  0.        ,
         0.        ,  0.5840622 , -0.57327   ,  0.        , -0.        ],
       [-0.        , -0.        , -0.        ,  1.248444  , -0.        ,
         0.        ,  0.        , -0.98470885, -0.        , -0.        ]],
      dtype=float32)
 array([-0.03319119,  0.30564186,  0.04391042, -0.07080705,  0.0004699 ,
        0.1781277 , -0.08322556,  0.15857956, -0.40628198, -0.10173787],
      dtype=float32)]